0.279227209765279 0.212234731028427 0.201972155431028 0.306565903775265
0.286798303489654 0.210674214001509 0.205960493814701 0.296566988694136
0.290440350908178 0.214643629381621 0.210112831562561 0.28480318814764
0.294137275037026 0.208892297832938 0.211751563670861 0.285218863459176
0.272951711017982 0.196989728593668 0.194930905806334 0.335127654582016
0.286644396394032 0.186472323214993 0.181731480056416 0.345151800334559
0.286021829576907 0.204941805456385 0.184537761484371 0.324498603482337
0.312908894568593 0.195098689771234 0.192038840095574 0.299953575564599
0.313514430682515 0.192139132014442 0.200302515750247 0.294043921552796
0.293197432526877 0.201311111839997 0.20916100448349 0.296330451149636
0.273024879965081 0.209465664840807 0.223426426100625 0.294083029093487
0.258939226881767 0.219833578491357 0.23191023936338 0.289316955263496
0.26335207131197 0.23073385930873 0.222060816010375 0.283853253368925
0.275383316975448 0.229814832102497 0.212263746300553 0.282538104621502
0.279582962232208 0.221832478434084 0.200489222718706 0.298095336615003
0.294472842966824 0.214555322031675 0.189603449537396 0.301368385464106
0.26516931042052 0.213484280030176 0.162987614263403 0.358358795285901
0.298187428565662 0.201507280310236 0.177467496587552 0.32283779453655
0.284483389387475 0.207111643197937 0.207321057770668 0.30108390964392
0.286137259898623 0.22084595918182 0.196286423628019 0.296730357291538
0.289301186093863 0.201834648271825 0.222485952823691 0.286378212810621
0.282065029532501 0.220378560993887 0.235152380640001 0.262404028833611
0.279031672061825 0.23139237983262 0.228131315552438 0.261444632553117
0.272708235038843 0.229513325579107 0.203528257090449 0.294250182291601
0.268011545555239 0.223346318718887 0.188884375402114 0.31975776032376
0.300846110565848 0.215943639726197 0.170155648011949 0.313054601696006
0.312587834274858 0.211998193483927 0.179057028886596 0.29635694335462
0.301360816262682 0.212845313276632 0.212040454858544 0.273753415602143
0.295130732723929 0.206872582586295 0.232311407038853 0.265685277650924
0.304565111532183 0.196915298112998 0.231613778974272 0.266905811380547
0.309480046323513 0.175372720093454 0.199194889275198 0.315952344307834
0.306909040906488 0.174219678409862 0.213354972839182 0.305516307844468
0.286192767375733 0.212272577035547 0.222875766697028 0.278658888891692
0.294781918691638 0.215295842237658 0.226139984811136 0.263782254259568
0.280831249700386 0.212586698894644 0.208432468846428 0.298149582558541
0.281362986100423 0.225567879336837 0.200744052499981 0.292325082062759
0.287464393214968 0.215061827760299 0.183966917543643 0.313506861481091
0.281566723772086 0.19527088910363 0.179726272445836 0.343436114678448
0.33720666190648 0.163437981748132 0.193982232561191 0.305373123784197
0.280047206586214 0.196549453377504 0.235352964477738 0.288050375558544
0.299756145560789 0.204440976628829 0.228554560065398 0.267248317744984
0.288708896082434 0.204700852544387 0.236849143292552 0.269741108080627
0.291295670669092 0.214622814077705 0.231951239204426 0.262130276048776
0.279967729971262 0.237512079183939 0.21027115402568 0.272249036819119
0.282854118780955 0.220293407477866 0.176008533013072 0.320843940728107
0.285912076156259 0.213039589446515 0.164177240420545 0.336871093976682
0.291327839775144 0.201791125363637 0.202792152251964 0.304088882609255
0.300377450844344 0.203964747705901 0.191836994724267 0.303820806725488
0.301340000958766 0.188845267861423 0.197319619622398 0.312495111557414
0.31487941000598 0.185791095086831 0.221460326030736 0.277869168876453
0.310844394880192 0.203489149549759 0.20261679908564 0.283049656484409
0.262379428928983 0.2268641050807 0.205275481085827 0.305480984904489
0.255626439725188 0.225436049078702 0.198743260256899 0.320194250939212
0.259592070504588 0.226660367409037 0.205232588944424 0.30851497314195
0.232265991830309 0.230098046389112 0.21113782758873 0.326498134191849
0.285181648218841 0.191339950497423 0.200793252309237 0.322685148974499
0.240661497743116 0.211893486197561 0.22050660665131 0.326938409408013
0.309876167864703 0.222649952187878 0.187046951756433 0.280426928190986
0.335818344211958 0.163597565744822 0.191160812730388 0.309423277312833
0.293457308442435 0.19222050092975 0.19528981210719 0.319032378520625
0.284958987543618 0.215164011979523 0.183249735708717 0.316627264768143
0.290051798568412 0.1941323550561 0.232392775954161 0.283423070421327
0.286445704856652 0.176172532377259 0.250466767421148 0.286914995344941
0.366493163749581 0.179943256219991 0.220835866913254 0.232727713117174
0.320607403183606 0.185406958114562 0.161734280660943 0.332251358040889
0.324716218023278 0.177722326368827 0.17588174888922 0.321679706718676
0.265668877714505 0.22448043739892 0.253206818336643 0.256643866549933
0.289108802224336 0.209533156886838 0.209043681861418 0.292314359027408
0.293891906757531 0.19820900078972 0.179631657428036 0.328267435024713
0.274806796133652 0.219742748074269 0.218075000693843 0.287375455098236
0.432354677640327 0.137770819719284 0.227787547654431 0.202086954985959
0.289725692140394 0.224763651685535 0.262030614896693 0.223480041277378
0.34573841344492 0.209025389624643 0.200853805920629 0.244382391009807
0.280286267197856 0.219713732802144 0.219713732802144 0.280286267197856
0.244382391009807 0.200853805920629 0.209025389624643 0.34573841344492
0.223480041277378 0.262030614896693 0.224763651685535 0.289725692140394
0.202086954985959 0.227787547654431 0.137770819719284 0.432354677640327
0.287375455098236 0.218075000693843 0.219742748074269 0.274806796133652
0.328267435024713 0.179631657428036 0.19820900078972 0.293891906757531
0.292314359027408 0.209043681861418 0.209533156886838 0.289108802224336
0.256643866549933 0.253206818336643 0.22448043739892 0.265668877714505
0.321679706718676 0.17588174888922 0.177722326368827 0.324716218023278
0.332251358040889 0.161734280660943 0.185406958114562 0.320607403183606
0.232727713117174 0.220835866913254 0.179943256219991 0.366493163749581
0.286914995344941 0.250466767421148 0.176172532377259 0.286445704856652
0.283423070421327 0.232392775954161 0.1941323550561 0.290051798568412
0.316627264768143 0.183249735708717 0.215164011979523 0.284958987543618
0.319032378520625 0.19528981210719 0.19222050092975 0.293457308442435
0.309423277312833 0.191160812730388 0.163597565744822 0.335818344211958
0.280426928190986 0.187046951756433 0.222649952187878 0.309876167864703
0.326938409408013 0.22050660665131 0.211893486197561 0.240661497743116
0.322685148974499 0.200793252309237 0.191339950497423 0.285181648218841
0.326498134191849 0.21113782758873 0.230098046389112 0.232265991830309
0.30851497314195 0.205232588944424 0.226660367409037 0.259592070504588
0.320194250939212 0.198743260256899 0.225436049078702 0.255626439725188
0.305480984904489 0.205275481085827 0.2268641050807 0.262379428928983
0.283049656484409 0.20261679908564 0.203489149549759 0.310844394880192
0.277869168876453 0.221460326030736 0.185791095086831 0.31487941000598
0.312495111557414 0.197319619622398 0.188845267861423 0.301340000958766
0.303820806725488 0.191836994724267 0.203964747705901 0.300377450844344
0.304088882609255 0.202792152251964 0.201791125363637 0.291327839775144
0.336871093976682 0.164177240420545 0.213039589446515 0.285912076156259
0.320843940728107 0.176008533013072 0.220293407477866 0.282854118780955
0.272249036819119 0.21027115402568 0.237512079183939 0.279967729971262
0.262130276048776 0.231951239204426 0.214622814077705 0.291295670669092
0.269741108080627 0.236849143292552 0.204700852544387 0.288708896082434
0.267248317744984 0.228554560065398 0.204440976628829 0.299756145560789
0.288050375558544 0.235352964477738 0.196549453377504 0.280047206586214
0.305373123784197 0.193982232561191 0.163437981748132 0.33720666190648
0.343436114678448 0.179726272445836 0.19527088910363 0.281566723772086
0.313506861481091 0.183966917543643 0.215061827760299 0.287464393214968
0.292325082062759 0.200744052499981 0.225567879336837 0.281362986100423
0.298149582558541 0.208432468846428 0.212586698894644 0.280831249700386
0.263782254259568 0.226139984811136 0.215295842237658 0.294781918691638
0.278658888891692 0.222875766697028 0.212272577035547 0.286192767375733
0.305516307844468 0.213354972839182 0.174219678409862 0.306909040906488
0.315952344307834 0.199194889275198 0.175372720093454 0.309480046323513
0.266905811380547 0.231613778974272 0.196915298112998 0.304565111532183
0.265685277650924 0.232311407038853 0.206872582586295 0.295130732723929
0.273753415602143 0.212040454858544 0.212845313276632 0.301360816262682
0.29635694335462 0.179057028886596 0.211998193483927 0.312587834274858
0.313054601696006 0.170155648011949 0.215943639726197 0.300846110565848
0.31975776032376 0.188884375402114 0.223346318718887 0.268011545555239
0.294250182291601 0.203528257090449 0.229513325579107 0.272708235038843
0.261444632553117 0.228131315552438 0.23139237983262 0.279031672061825
0.262404028833611 0.235152380640001 0.220378560993887 0.282065029532501
0.286378212810621 0.222485952823691 0.201834648271825 0.289301186093863
0.296730357291538 0.196286423628019 0.22084595918182 0.286137259898623
0.30108390964392 0.207321057770668 0.207111643197937 0.284483389387475
0.32283779453655 0.177467496587552 0.201507280310236 0.298187428565662
0.358358795285901 0.162987614263403 0.213484280030176 0.26516931042052
0.301368385464106 0.189603449537396 0.214555322031675 0.294472842966824
0.298095336615003 0.200489222718706 0.221832478434084 0.279582962232208
0.282538104621502 0.212263746300553 0.229814832102497 0.275383316975448
0.283853253368925 0.222060816010375 0.23073385930873 0.26335207131197
0.289316955263496 0.23191023936338 0.219833578491357 0.258939226881767
0.294083029093487 0.223426426100625 0.209465664840807 0.273024879965081
0.296330451149636 0.20916100448349 0.201311111839997 0.293197432526877
0.294043921552796 0.200302515750247 0.192139132014442 0.313514430682515
0.299953575564599 0.192038840095574 0.195098689771234 0.312908894568593
0.324498603482337 0.184537761484371 0.204941805456385 0.286021829576907
0.345151800334559 0.181731480056416 0.186472323214993 0.286644396394032
0.335127654582016 0.194930905806334 0.196989728593668 0.272951711017982
0.285218863459176 0.211751563670861 0.208892297832938 0.294137275037026
0.28480318814764 0.210112831562561 0.214643629381621 0.290440350908178
0.296566988694136 0.205960493814701 0.210674214001509 0.286798303489654
0.306565903775265 0.201972155431028 0.212234731028427 0.279227209765279
