0.356389807050721 0.170410956526948 0.240300955923755 0.232898280498576
0.425309370329094 0.223441365192202 0.0505398628625849 0.300709401616119
0.330064167557271 0.201152832561694 0.250265027139151 0.218517972741884
0.264340517009815 0.189403829982483 0.26168067386227 0.284574979145431
0.243751204417477 0.223654058941233 0.284637307939182 0.247957428702108
0.34745960135764 0.256181129792266 0.0517745959057245 0.344584672944369
0.233617364672093 0.230423335896181 0.271140848620404 0.264818450811321
0.179545667467984 0.24882223073516 0.289073721003352 0.282558380793505
0.319816484021081 0.171787079167297 0.293442656520594 0.214953780291029
0.337138103906959 0.261817122714127 0.0549776994737726 0.346067073905142
0.311195758311257 0.209391752655097 0.256004146197935 0.223408342835711
0.211933891618812 0.200274395046862 0.31229323259593 0.275498480738396
0.28633291185098 0.187066376863321 0.217890979448241 0.308709731837458
0.303284909617963 0.267699383492022 0.0383477998753239 0.390667907014692
0.252795144273909 0.193330776054325 0.24896357268428 0.304910506987486
0.201017929098671 0.231043962381288 0.210907199889274 0.357030908630767
