0.352699889800416 0.171299130647729 0.192237051548916 0.283763928002939
0.417471367617337 0.184931506849315 0.0430047159218504 0.354592409611498
0.370774362210403 0.158117731903002 0.211124132335707 0.259983773550888
0.302004379316153 0.150412666329796 0.250715849755769 0.296867104598282
0.313820673900628 0.196268798781649 0.214258518941557 0.275652008376166
0.37233185662505 0.228554168344744 0.0475231574708014 0.351590817559404
0.256549232158988 0.191508581752484 0.214995483288166 0.336946702800361
0.19352846733358 0.215388415462517 0.225145115474867 0.365938001729035
0.368121104185218 0.169278717720392 0.232324131789849 0.230276046304541
0.365332428765265 0.215909090909091 0.0335820895522388 0.385176390773406
0.360142984807864 0.196348780799183 0.200434061023873 0.24307417336908
0.219584569732938 0.182428073796929 0.23842084892272 0.359566507547413
0.342617778261343 0.168643237950169 0.157327820694157 0.331411163094331
0.336025544703231 0.198722764838467 0.0358752817430503 0.429376408715252
0.29696825017904 0.164597756027692 0.212103127238004 0.326330866555264
0.245484124312802 0.182205766857399 0.163132503085381 0.409177605744418
0.362708823859177 0.185783159547034 0.205516313488059 0.245991703105729
0.54280929453632 0.13564998953318 0.0423906217291187 0.279150094201382
0.344530386740331 0.185082872928177 0.223756906077348 0.246629834254144
0.266448850833709 0.164150518251465 0.229382604776927 0.3400180261379
0.245179063360882 0.231798504525777 0.255148891512528 0.267873540600813
0.374379579295675 0.241786811628457 0.0423067832663673 0.341526825809501
0.245674740484429 0.20876585928489 0.262975778546713 0.282583621683968
0.173013788575181 0.266579120157584 0.241300065659882 0.319107025607354
0.26304347826087 0.192391304347826 0.282608695652174 0.26195652173913
0.307506053268765 0.250605326876513 0.0786924939467312 0.36319612590799
0.262668045501551 0.200620475698035 0.261633919338159 0.275077559462254
0.205440900562852 0.159474671669794 0.304878048780488 0.330206378986867
0.294152744630072 0.205250596658711 0.190533015115354 0.310063643595863
0.363497225942223 0.197627702314903 0.0411325808303042 0.397742490912569
0.281774580335731 0.196043165467626 0.225119904076739 0.297062350119904
0.194665549504259 0.199553135037006 0.19145370758274 0.414327607875995
0.367803569932121 0.155618872035532 0.255258526774491 0.221319031257856
0.424859110832812 0.182216656230432 0.0453976205385097 0.347526612398247
0.395634251452127 0.151676972081694 0.234588720254825 0.218100056211355
0.253139717425432 0.181449502878074 0.287022501308216 0.278388278388278
0.270800532881192 0.207702555407533 0.26644059585806 0.255056315853215
0.353237845471051 0.220899737744604 0.0431712729473472 0.382691143836998
0.234543670264966 0.195289499509323 0.221786064769382 0.34838076545633
0.200328652524649 0.204959665371975 0.266357932476845 0.328353749626531
0.341968911917098 0.176489637305699 0.266731433506045 0.214810017271157
0.374014336917563 0.203225806451613 0.0659498207885305 0.356810035842294
0.342009132420091 0.170928462709285 0.240943683409437 0.246118721461187
0.215693236286171 0.194922776495651 0.278182140955086 0.311201846263092
0.291939405273985 0.199177108659061 0.217879184589489 0.291004301477464
0.337388483373885 0.206407137064071 0.0336577453365775 0.422546634225466
0.260247994164843 0.175200583515682 0.243617797228301 0.320933625091174
0.198999696877842 0.209912094574113 0.19430130342528 0.396786905122764
0.379639919982218 0.149588797510558 0.166259168704156 0.304512113803067
0.417650076962545 0.194629724645117 0.0335214639986318 0.354198734393706
0.343845891578588 0.182577565632458 0.194510739856802 0.279065802932151
0.330673506222096 0.139355941863779 0.191982521136126 0.337988030777999
0.265439509136988 0.204348406029078 0.226490596238495 0.303721488595438
0.317642243143676 0.252762996316005 0.0325419566107245 0.397052803929595
0.258064516129032 0.161290322580645 0.243727598566308 0.336917562724014
0.194405099150142 0.213408876298395 0.212936732766761 0.379249291784703
0.332972452784795 0.182725851076627 0.215565980993624 0.268735715144954
0.339510890332442 0.211119602598395 0.0355368742835308 0.413832632785632
0.320194384449244 0.184125269978402 0.222732181425486 0.272948164146868
0.244706162265049 0.165477040209374 0.253628360694742 0.336188436830835
0.317697802938401 0.15945545221728 0.176978029384014 0.345868715460305
0.298656047784968 0.217355234776838 0.0283723245395719 0.455616392898623
0.287793047696039 0.187712206952304 0.193694421988682 0.330800323362975
0.207646238411683 0.182131429977849 0.178439576667487 0.431782754942981
0.293127039259025 0.198189664245869 0.241237764445848 0.267445532049258
0.401073105298457 0.185110663983903 0.0372233400402414 0.376592890677398
0.301995870612526 0.184445973847213 0.22863041982106 0.284927735719202
0.247111257840872 0.163090128755365 0.261802575107296 0.327996038296468
0.184324682008676 0.339092713771046 0.208146459819131 0.268436144401147
0.341861731083288 0.238069315913627 0.0493558337869715 0.370713119216113
0.207967589466577 0.223497636731938 0.24510465901418 0.323430114787306
0.168927250308261 0.199753390875462 0.278257295519934 0.353062063296342
0.298342541436464 0.172821556654066 0.310652321411263 0.218183580498207
0.323741007194245 0.22841726618705 0.0452407304925291 0.402600996126176
0.314402108794632 0.199976036424635 0.23340522405943 0.252216630721304
0.202107694528656 0.177999133824166 0.293344882344449 0.326548289302728
0.26133969948041 0.212189299255723 0.193512147170341 0.332958854093526
0.269630308585396 0.237549648640391 0.0343721356553621 0.458447907118851
0.249422632794457 0.196433153707981 0.236335642802155 0.317808570695407
0.181731114569616 0.190350772177661 0.181132527235724 0.446785586017
0.303689427312775 0.198375550660793 0.272852422907489 0.225082599118943
0.336595492289442 0.247479240806643 0.064650059311981 0.351275207591934
0.268810148731409 0.227580927384077 0.263123359580053 0.240485564304462
0.172488526262111 0.281871494135645 0.232789393166752 0.312850586435492
0.226056514128532 0.234183545886472 0.30095023755939 0.238809702425606
0.311968718123087 0.297517851071064 0.0515130907854471 0.339000340020401
0.235342691990091 0.219653179190751 0.28654004954583 0.258464079273328
0.144982541369364 0.266585699104296 0.255199635645969 0.33323212388037
0.219281663516068 0.219281663516068 0.344990548204159 0.216446124763705
0.268620268620269 0.334554334554335 0.0512820512820513 0.345543345543346
0.237732656514382 0.212351945854484 0.318104906937394 0.231810490693739
0.171539961013645 0.215399610136452 0.335282651072125 0.277777777777778
0.270973336223716 0.225233037069152 0.228484717103837 0.275308909603295
0.244741330301308 0.286384309266629 0.0559977259806708 0.412876634451393
0.247363004888088 0.207615127347569 0.265629019809622 0.279392847954721
0.149361537469367 0.266090545595253 0.203921062814394 0.380626854120985
0.247959183673469 0.2 0.279591836734694 0.272448979591837
0.340341655716163 0.207621550591327 0.0591327201051248 0.392904073587385
0.250612244897959 0.186938775510204 0.306122448979592 0.256326530612245
0.19493670886076 0.19493670886076 0.29746835443038 0.312658227848101
0.16260162601626 0.296296296296296 0.267389340560072 0.273712737127371
0.263824884792627 0.236175115207373 0.0910138248847926 0.408986175115207
0.13353115727003 0.373887240356083 0.243323442136499 0.249258160237389
0.135775862068966 0.264008620689655 0.299568965517241 0.300646551724138
0.302618816682832 0.175557710960233 0.317167798254122 0.204655674102813
0.296498905908096 0.235229759299781 0.0929978118161926 0.37527352297593
0.282942603071948 0.186742118027486 0.300727566693614 0.229587712206952
0.207126948775056 0.202672605790646 0.275055679287305 0.315144766146993
0.246684350132626 0.188328912466843 0.225464190981432 0.339522546419098
0.239759036144578 0.286746987951807 0.0469879518072289 0.426506024096386
0.203571428571429 0.186428571428571 0.273571428571429 0.336428571428571
0.186512118018967 0.21390937829294 0.195995785036881 0.403582718651212
0.309727105307216 0.195546626485853 0.238908421228863 0.255817846978068
0.363427856547123 0.222685571309425 0.0385738115095913 0.375312760633862
0.289673500379651 0.197798025816249 0.241078208048595 0.271450265755505
0.241009567799406 0.187066974595843 0.229627185747278 0.342296271857473
0.229705666701582 0.225201634021158 0.299675290667225 0.245417408610035
0.273330678348599 0.277711403159432 0.0404885171910262 0.408469401300943
0.239969135802469 0.189043209876543 0.291666666666667 0.279320987654321
0.131981942108524 0.299194476409666 0.244755244755245 0.324068336726565
0.287431815651787 0.195369030390738 0.282867638873428 0.234331515084048
0.258447617701117 0.291248409444366 0.0387388661105613 0.411565106743956
0.28622261759146 0.207049927721561 0.274102079395085 0.232625375291894
0.200591985428051 0.217326958105647 0.275956284153005 0.306124772313297
0.282570562908627 0.2017222133631 0.236007016424813 0.27970020730346
0.238981626035787 0.290020415515792 0.0289419959168968 0.442055962531524
0.243236038917766 0.209249633479941 0.275223244035719 0.272291083566573
0.19472315124489 0.236064659977703 0.200111482720178 0.369100706057228
0.295317295317295 0.187605187605188 0.25997425997426 0.257103257103257
0.375093353248693 0.166915608663181 0.0412621359223301 0.416728902165795
0.355257220216606 0.169787906137184 0.236349277978339 0.23860559566787
0.2544575904016 0.168138643559407 0.248791868021996 0.328611898016997
0.251146629603892 0.215427380125087 0.277553856845031 0.25587213342599
0.314590947427608 0.245993815012651 0.0491987630025302 0.390216474557211
0.24047619047619 0.189285714285714 0.291666666666667 0.278571428571429
0.17582817619221 0.198944302875865 0.239352020385875 0.38587550054605
0.2893447642376 0.177587262706675 0.317922024903041 0.215145948152684
0.32882972382277 0.232267037552156 0.0437115040731174 0.395191734551957
0.329886824088305 0.198267430487634 0.244376135252201 0.22746961017186
0.182722416651317 0.179591084914349 0.23632344814883 0.401363050285504
0.276551594038861 0.176004527447651 0.215996981701566 0.331446896811922
0.293555434188968 0.212452211906062 0.0363189513926816 0.457673402512288
0.271096244488369 0.167249505853733 0.295423445339821 0.266230804318078
0.215823262839879 0.184101208459214 0.18523413897281 0.414841389728097
0.323666108942183 0.182561814463655 0.258226436140547 0.235545640453616
0.357171799027553 0.150526742301459 0.0587520259319287 0.43354943273906
0.30183161459135 0.201015853470833 0.255040788056026 0.242111743881792
0.210744546601767 0.199387056066342 0.24986479177934 0.340003605552551
0.226655052264808 0.216202090592335 0.271254355400697 0.28588850174216
0.288338435847481 0.273309212357362 0.0517673253548567 0.386585026440301
0.225419664268585 0.225419664268585 0.305755395683453 0.243405275779377
0.131001890359168 0.248582230623819 0.263137996219282 0.357277882797732
0.229457364341085 0.196899224806202 0.27906976744186 0.294573643410853
0.304172274562584 0.269179004037685 0.110363391655451 0.31628532974428
0.224764468371467 0.246298788694482 0.281292059219381 0.24764468371467
0.14965034965035 0.188811188811189 0.388811188811189 0.272727272727273
0.259610705596107 0.206082725060827 0.22676399026764 0.307542579075426
0.278264882325796 0.252884171665898 0.041301338255653 0.427549607752653
0.241586733864412 0.203381563973338 0.278653877418306 0.276377824743944
0.161597654818615 0.248076218395016 0.199890069622572 0.390436057163796
0.320649539505574 0.158022297624818 0.303441589917596 0.217886572952012
0.385091688497261 0.183615146463444 0.0442962610145273 0.386996904024768
0.305826522541524 0.16003163722647 0.316635908252043 0.217505931979963
0.220840734162226 0.175843694493783 0.293270179593448 0.310045391750543
0.233361134278565 0.171476230191827 0.336113427856547 0.259049207673061
0.346494558339661 0.242723361174386 0.0458111870412554 0.364970893444698
0.207650273224044 0.194535519125683 0.311475409836066 0.286338797814208
0.164195298372514 0.20994575045208 0.269801084990958 0.356057866184448
0.337184594953519 0.155644090305445 0.282337317397078 0.224833997343958
0.334525025536262 0.209652706843718 0.0561797752808989 0.399642492339122
0.323811152925077 0.172767704413274 0.281388983920629 0.22203215874102
0.214467005076142 0.173223350253807 0.273477157360406 0.338832487309645
0.267414557787634 0.183668145056092 0.244195147404122 0.304722149752152
0.264352469959947 0.193324432576769 0.0349799732977303 0.507343124165554
0.255651846269781 0.163715146948003 0.311416729464959 0.269216277317257
0.177660510114336 0.189313984168865 0.225153913808267 0.407871591908531
0.313167977414801 0.177858439201452 0.247630570679573 0.261343012704174
0.382766705744431 0.193728018757327 0.0342907385697538 0.389214536928488
0.318513451892385 0.198358413132695 0.216826265389877 0.266301869585043
0.259505703422053 0.17319391634981 0.241634980988593 0.325665399239544
0.236192109777015 0.229331046312178 0.266209262435678 0.268267581475129
0.248736366054802 0.264432029795158 0.034317637669593 0.452513966480447
0.219178082191781 0.188356164383562 0.297945205479452 0.294520547945205
0.160231954829849 0.247672821608424 0.228444987028842 0.363650236532886
0.25103638876094 0.199293720251804 0.290803009365884 0.258866881621373
0.285182600604792 0.220516399162596 0.0479181204931379 0.446382879739474
0.253284203780839 0.19064402435117 0.279718039090035 0.276353732777956
0.15700566932778 0.138724979752401 0.44313317135254 0.26113617956728
0.281438415159345 0.190137812230835 0.229112833763997 0.299310938845823
0.262420660976144 0.223024731888816 0.0245130225432261 0.490041584591814
0.227088700772911 0.201140964298859 0.241626794258373 0.330143540669856
0.177399303828941 0.20014917951268 0.210964694181999 0.41148682247638
0.33536759797845 0.149899876036998 0.222847334795461 0.291885191189091
0.354086353122591 0.183114880493446 0.0362374710871241 0.426561295296839
0.322926829268293 0.161626016260163 0.218373983739837 0.297073170731707
0.281598260396847 0.145419951073661 0.210655069312313 0.362326719217179
0.231162790697674 0.198604651162791 0.236279069767442 0.333953488372093
0.3194743130227 0.225089605734767 0.0367980884109916 0.418637992831541
0.244578313253012 0.130120481927711 0.25421686746988 0.371084337349398
0.19202111145607 0.188295560384974 0.217634275069854 0.402049053089103
0.330374479889043 0.170319001386963 0.238280166435506 0.261026352288488
0.323431558935361 0.221245247148289 0.0278041825095057 0.427519011406844
0.32441200324412 0.175993511759935 0.216139497161395 0.28345498783455
0.212549019607843 0.188823529411765 0.234313725490196 0.364313725490196
0.254065697361335 0.157996768982229 0.16133548734518 0.426602046311255
0.297672740393289 0.191593000180408 0.0263395273317698 0.484394732094534
0.268918918918919 0.158648648648649 0.183783783783784 0.388648648648649
0.219239141702084 0.162848553954597 0.153104592101171 0.464807712242148
0.327872716558633 0.195167943429582 0.22734236888627 0.249616971125516
0.366919617762788 0.19168071950534 0.0446880269814503 0.396711635750422
0.292350907519447 0.200086430423509 0.235414866032844 0.272147796024201
0.218725501175944 0.186583044013887 0.223541270019039 0.37115018479113
0.240894374747066 0.193039255362202 0.261736139214893 0.30433023067584
0.290407177363699 0.283505866114562 0.0448585231193927 0.381228433402346
0.228927203065134 0.182950191570881 0.271072796934866 0.317049808429119
0.147382225360638 0.242106325027741 0.230101886411783 0.380409563199839
0.305582761998041 0.16356513222331 0.265426052889324 0.265426052889324
0.25390625 0.283854166666667 0.0572916666666667 0.404947916666667
0.234082397003745 0.217228464419476 0.27434456928839 0.27434456928839
0.15863453815261 0.207831325301205 0.256024096385542 0.377510040160643
0.254736268229522 0.210303938939621 0.206623960746899 0.328335832083958
0.219188260425374 0.214451564967029 0.0292560601838952 0.537104114423702
0.236280202285072 0.193575575950553 0.218486607979022 0.351657613785353
0.162533288948069 0.235935419440746 0.186501331557923 0.415029960053262
0.293703353306002 0.185115105644907 0.272153894670451 0.24902764637864
0.34531098936513 0.195456010312601 0.0373831775700935 0.421849822752175
0.299341358164888 0.174426527367704 0.224506018623666 0.301726095843743
0.23923315782368 0.16929931146213 0.272174969623329 0.31929256109086
0.231195665868716 0.197807735920373 0.264961572382512 0.306035025828399
0.279892280071813 0.216337522441652 0.0384201077199282 0.465350089766607
0.21021021021021 0.212212212212212 0.229229229229229 0.348348348348348
0.160614184742871 0.200950524006824 0.266268583962954 0.372166707287351
0.315848971286457 0.162446303413972 0.280239656341849 0.241465068957721
0.291666666666667 0.22972972972973 0.0382882882882883 0.440315315315315
0.310828796128252 0.163702359346642 0.241863278886872 0.283605565638234
0.196081175647306 0.196221133659902 0.255423372988104 0.352274317704689
0.262783568362968 0.196198651134273 0.194604537093807 0.346413243408952
0.262087264150943 0.217865566037736 0.0316922169811321 0.488354952830189
0.202579726200839 0.139906623407454 0.182242620875208 0.475271029516499
0.158932951757972 0.194194603434178 0.207583810302535 0.439288634505315
0.378656043610441 0.151483384002516 0.179368906593983 0.29049166579306
0.382507189984774 0.18304855354424 0.0328201657925901 0.401624090678396
0.323051706154075 0.183579198331098 0.207718670838921 0.285650424675905
0.254293059125964 0.149511568123393 0.174807197943445 0.421388174807198
0.259509258414668 0.169570373073064 0.246009304022622 0.324911064489647
0.276792684286829 0.227500836400134 0.0346827255492361 0.461023753763801
0.228733459357278 0.155954631379962 0.264650283553875 0.350661625708885
0.161442114732544 0.197218185592693 0.222268355131133 0.41907134454363
0.309296571226582 0.173795216213032 0.226699658300931 0.290208554259456
0.257044560943644 0.195609436435125 0.0242463958060288 0.523099606815203
0.267710371819961 0.180430528375734 0.237703848662753 0.314155251141553
0.190184685619423 0.169225980493878 0.205955592446566 0.434633741440133
0.316942148760331 0.152727272727273 0.167520661157025 0.362809917355372
0.232542599398597 0.224106247911794 0.021884396926161 0.521466755763448
0.242452830188679 0.167495711835334 0.207804459691252 0.382246998284734
0.194575173321188 0.169728252618795 0.176762309599717 0.458934264460301
0.38535158846205 0.160574239000399 0.190482520271168 0.263591652266383
0.445999018163967 0.177344133529701 0.0447962690230731 0.33186057928326
0.38980278980279 0.153727753727754 0.203944203944204 0.252525252525253
0.324528595917095 0.15544647031323 0.24380551659654 0.276219417173134
0.360687022900763 0.162113298513459 0.193652069104058 0.28354760948172
0.37519042437432 0.233297062023939 0.0415669205658324 0.349945593035909
0.264299802761341 0.161735700197239 0.178500986193294 0.395463510848126
0.195045182252005 0.221037668798863 0.209767489085186 0.374149659863946
0.405173920643244 0.147351861562664 0.216920118860339 0.230554098933753
0.381548364026462 0.232612193813696 0.0312891113892365 0.354550330770606
0.39201720198898 0.171885499260852 0.199838731353313 0.236258567396855
0.217176258992806 0.192783273381295 0.215377697841727 0.374662769784173
0.366735775167012 0.14052061736927 0.143284957383091 0.349458650080627
0.342468576138471 0.225015454358129 0.0323511230166907 0.400164846486709
0.297133841703918 0.155403628714173 0.191822245595582 0.355640283986327
0.255960591133005 0.207783251231527 0.160492610837438 0.37576354679803
0.405563079487447 0.150536514220231 0.191582456505886 0.252317949786436
0.570982682239227 0.124848973016512 0.0485300040273862 0.255638340716875
0.368565470310614 0.169575238722423 0.212490396224344 0.249368894742619
0.26696269982238 0.151243339253996 0.205772646536412 0.376021314387211
0.304734205849087 0.196639198578122 0.211665858781709 0.286960736791081
0.367729831144465 0.222326454033771 0.0426829268292683 0.367260787992495
0.305854241338112 0.185185185185185 0.187574671445639 0.321385902031063
0.184875162361091 0.215471207966518 0.223697503247222 0.37595612642517
0.33099297893681 0.16148445336008 0.210631895687061 0.296890672016048
0.345679012345679 0.235802469135802 0.0790123456790123 0.339506172839506
0.308420056764428 0.165562913907285 0.234626300851466 0.291390728476821
0.191535150645624 0.162123385939742 0.302725968436155 0.343615494978479
0.328802718368979 0.177893264041575 0.170497701379173 0.322806316210274
0.346223674655047 0.223129992737836 0.0408496732026144 0.389796659404503
0.295693197382438 0.177446355197078 0.19890427636585 0.327956171054634
0.189463414634146 0.238146341463415 0.184390243902439 0.388
0.38563038056159 0.143132995413951 0.238957277335264 0.232279346689195
0.446782922429345 0.178442573662057 0.0416416115453999 0.333132892363199
0.419554804170189 0.151310228233305 0.206912745374284 0.222222222222222
0.269060836071145 0.171066047354707 0.269627279936558 0.290245836637589
0.314780292942743 0.172969374167776 0.240213049267643 0.272037283621838
0.351910828025478 0.221337579617834 0.040406050955414 0.386345541401274
0.225058004640371 0.203016241299304 0.22737819025522 0.344547563805104
0.201917716579329 0.207380978927417 0.245846805663954 0.344854498829301
0.378162874760791 0.142462258133107 0.241335317882203 0.2380395492239
0.355660720786312 0.204950855478704 0.046596286858391 0.392792136876593
0.367440391599558 0.168324648665719 0.214590241591663 0.24964471814306
0.218905472636816 0.192039800995025 0.231698649609097 0.357356076759062
0.331981460023175 0.169177288528389 0.200077249903438 0.298764001544998
0.317993456924755 0.225736095965104 0.0368593238822246 0.419411123227917
0.277760301981755 0.155394778232148 0.23293488518402 0.333910034602076
0.195025313669381 0.238828967642527 0.172132951793969 0.394012766894123
0.419694397283531 0.129598189020939 0.156762874929259 0.293944538766271
0.468595495330526 0.154916681926387 0.0355246291887933 0.340963193554294
0.375160051216389 0.161148710444485 0.176513627217853 0.287177611121273
0.340458015267176 0.129770992366412 0.176560395150427 0.353210597215986
0.293677337155598 0.181557572861921 0.214206083771301 0.31055900621118
0.338648102402874 0.240961149786661 0.0341342914888839 0.386256456321581
0.282014388489209 0.175539568345324 0.210071942446043 0.332374100719424
0.197864842454395 0.196621061359867 0.200663349917081 0.404850746268657
0.386106032906764 0.145277269957343 0.192809262644729 0.275807434491164
0.35474537037037 0.210841049382716 0.0353009259259259 0.399112654320988
0.350621207743427 0.179572377925455 0.197630742559954 0.272175671771164
0.255743037202683 0.159585281561293 0.230534661516568 0.354137019719455
0.363009764503159 0.138713383113153 0.154796094198736 0.343480758184951
0.299826388888889 0.231770833333333 0.0315972222222222 0.436805555555556
0.286820276497696 0.166635944700461 0.196129032258065 0.350414746543779
0.214082503556188 0.203271692745377 0.16927453769559 0.413371266002845
0.314833400240867 0.189983942191891 0.235447611401044 0.259735046166198
0.434100418410042 0.192119944211994 0.0395746164574616 0.334205020920502
0.323005747932146 0.169213514650217 0.215617552222066 0.29216318519557
0.272802883282506 0.160105350706959 0.261020238425284 0.306071527585251
0.207185122569738 0.324513947590871 0.198224852071006 0.270076077768385
0.344242902208202 0.245662460567823 0.0427839116719243 0.36731072555205
0.197377501725328 0.247066942719117 0.199447895100069 0.356107660455487
0.154315431543154 0.218121812181218 0.243224322432243 0.384338433843384
0.342770672654496 0.143317387484135 0.287611051449771 0.226300888411598
0.334393983222447 0.24790280590107 0.0445472953427828 0.3731559155337
0.340510463287771 0.191484214346196 0.215071972904318 0.252933349461715
0.210958582658688 0.20168954593453 0.24697876334624 0.340373108060542
0.279824561403509 0.191520467836257 0.178070175438596 0.350584795321637
0.282608695652174 0.245031055900621 0.0355590062111801 0.436801242236025
0.269326339039205 0.173522915516289 0.212589729431253 0.344561016013252
0.184032983508246 0.201555472263868 0.184126686656672 0.430284857571214
0.37246908547357 0.162386193776328 0.232640304389183 0.232504416360919
0.355427898070408 0.233318603623509 0.0565620857269112 0.354691412579172
0.300729755178908 0.200447269303202 0.216101694915254 0.282721280602637
0.184629694221602 0.232182304383211 0.234740146494594 0.348447854900593
0.273669766732734 0.206281445342278 0.254307059002897 0.265741728922092
0.335169564468928 0.273024616973662 0.054398347391978 0.337407471165433
0.251762336354481 0.208459214501511 0.262839879154079 0.276938569989929
0.141765480895916 0.245981554677207 0.243610013175231 0.368642951251647
0.300540540540541 0.165405405405405 0.321081081081081 0.212972972972973
0.260290556900726 0.303874092009685 0.0750605326876513 0.360774818401937
0.249775381850854 0.192273135669362 0.31895777178796 0.238993710691824
0.164835164835165 0.215201465201465 0.314102564102564 0.305860805860806
0.30963247657939 0.188325726639443 0.207062214748979 0.294979582032188
0.223396758280479 0.291050035236082 0.0387596899224806 0.446793516560958
0.263921453692849 0.200175849941383 0.234173505275498 0.30172919109027
0.157448979591837 0.273265306122449 0.173775510204082 0.395510204081633
0.265524625267666 0.188436830835118 0.259100642398287 0.286937901498929
0.354196301564723 0.170697012802276 0.0540540540540541 0.421052631578947
0.255576208178439 0.197026022304833 0.276951672862454 0.270446096654275
0.193340494092374 0.175080558539205 0.284640171858217 0.346938775510204
0.192178770949721 0.259217877094972 0.241340782122905 0.307262569832402
0.280311457174639 0.276974416017798 0.0756395995550612 0.367074527252503
0.137339055793991 0.351931330472103 0.240343347639485 0.270386266094421
0.149689991142604 0.252435783879539 0.281665190434012 0.316209034543844
0.347689075630252 0.132352941176471 0.278361344537815 0.241596638655462
0.27906976744186 0.238372093023256 0.0848837209302326 0.397674418604651
0.290893015030946 0.206012378426172 0.261715296198055 0.241379310344828
0.214355948869223 0.202556538839725 0.271386430678466 0.311701081612586
0.3 0.159090909090909 0.21969696969697 0.321212121212121
0.285129604365621 0.242837653478854 0.0381991814461119 0.433833560709413
0.226289517470882 0.219633943427621 0.198835274542429 0.355241264559068
0.158940397350993 0.25 0.190397350993377 0.400662251655629
0.346866725507502 0.153221535745808 0.224889673433363 0.275022065313327
0.379959650302623 0.218785025778973 0.0374355525666891 0.363819771351715
0.328699551569507 0.175784753363229 0.213677130044843 0.281838565022422
0.252383881882498 0.181636419563211 0.205936634881575 0.360043063672716
0.246800222593211 0.19449081803005 0.278380634390651 0.280328324986088
0.286068495273516 0.269022160235549 0.0392065705873237 0.405702773903611
0.213055303717135 0.28286491387126 0.223028105167724 0.28105167724388
0.131933438985737 0.315610142630745 0.218304278922345 0.334152139461173
0.332821300563236 0.164618535586278 0.261008704557092 0.241551459293395
0.268589743589744 0.269391025641026 0.0392628205128205 0.42275641025641
0.299973732597846 0.190964013659049 0.268584187023903 0.240478066719201
0.208450411072952 0.207721927359767 0.240919970860651 0.342907690706629
0.315388899201782 0.174494152589567 0.210506775570819 0.299610172637832
0.245280562426767 0.284077594063273 0.0261684676474417 0.444473375862518
0.258115849777212 0.199872692552514 0.236950986632718 0.305060471037556
0.202209266646211 0.243786437557533 0.185793188094508 0.368211107701749
0.304507545671168 0.166302621127879 0.26380063542494 0.265389197776013
0.382571316920672 0.177217663149668 0.0523642047674873 0.387846815162173
0.366813265184833 0.155354808035184 0.221086413883276 0.256745512896707
0.277879858657244 0.148975265017668 0.24791519434629 0.325229681978799
0.285014109609387 0.1933759096985 0.242239714837368 0.279370265854745
0.333938294010889 0.223835450695705 0.043859649122807 0.398366606170599
0.277556440903054 0.180610889774236 0.227091633466135 0.314741035856574
0.183377698905649 0.185300207039337 0.22611653356995 0.405205560485064
0.337760910815939 0.154543537845246 0.296753109846089 0.210942441492726
0.338190517616355 0.217268377555459 0.0467594606350587 0.397781644193127
0.338936346100854 0.198539542573712 0.233673188206117 0.228850923119317
0.172974528709167 0.184199165347532 0.208807022593179 0.434019283350122
0.312449799196787 0.156626506024096 0.190160642570281 0.340763052208835
0.309820944112859 0.210255018990776 0.0371676614215952 0.442756375474769
0.275164390490642 0.170966110268083 0.257123587927837 0.296745911313438
0.216289019172873 0.201235937252416 0.180478529551577 0.401996514023134
0.368318584070796 0.134867256637168 0.241946902654867 0.254867256637168
0.403145873734109 0.17560870502047 0.0758457229045464 0.345399698340875
0.341094647716964 0.177955851224675 0.234200181433323 0.246749319625038
0.221561570959161 0.201689876388672 0.238460334845877 0.33828821780629
0.271801140994295 0.172167889160554 0.24959250203749 0.306438467807661
0.277136258660508 0.239030023094688 0.0453233256351039 0.4385103926097
0.280523255813953 0.222383720930233 0.213662790697674 0.28343023255814
0.154629335030226 0.232103086223353 0.228921412663061 0.38434616608336
0.277777777777778 0.184210526315789 0.255847953216374 0.282163742690059
0.26013986013986 0.212587412587413 0.166433566433566 0.360839160839161
0.232360097323601 0.204379562043796 0.276155717761557 0.287104622871046
0.121067683508103 0.155386081982841 0.317445185891325 0.406101048617731
0.279989168697536 0.187652315190902 0.208502572434335 0.323855943677227
0.283713575784956 0.240569234244409 0.0347865371583465 0.440930652812288
0.24869292436389 0.183164865806901 0.249215754618334 0.318926455210875
0.16 0.254533333333333 0.192266666666667 0.3932
0.367752184273233 0.138204924543288 0.282310223533417 0.211732667650062
0.404293785310734 0.207457627118644 0.0449717514124294 0.343276836158192
0.334459003106849 0.147507767121437 0.282723220316088 0.235310009455626
0.242951907131012 0.162354892205638 0.280597014925373 0.314096185737977
0.25597518700967 0.163108921729611 0.297208538587849 0.28370735267287
0.31739855475264 0.209005002779322 0.0453029460811562 0.428293496386882
0.218441273326015 0.183315038419319 0.386388583973655 0.21185510428101
0.188215792646172 0.199367088607595 0.254822182037372 0.357594936708861
0.350757897719224 0.140813146338008 0.266468338291543 0.241960617651225
0.327683615819209 0.19800914716169 0.0567662093085822 0.417541027710519
0.355063404179318 0.149312377210216 0.255224147169137 0.240400071441329
0.190149738408804 0.171567743099405 0.250586325094714 0.387696193397077
0.279874213836478 0.158018867924528 0.208071278825996 0.354035639412998
0.30248500428449 0.207369323050557 0.0351328191945159 0.455012853470437
0.246147607461476 0.153892944038929 0.290754257907543 0.309205190592052
0.171242891957758 0.202924451665313 0.223720552396426 0.402112103980504
0.352594099694812 0.155239064089522 0.215259409969481 0.276907426246185
0.383651381372828 0.183708345200797 0.0404443178581601 0.392195955568214
0.337480559875583 0.169777086573354 0.211249351995853 0.28149300155521
0.261154177433247 0.156589147286822 0.239104220499569 0.343152454780362
0.262362340747139 0.189160008637443 0.227812567480026 0.320665083135392
0.262868710237131 0.254482359745518 0.0358588779641411 0.44679005205321
0.197822141560799 0.188747731397459 0.252268602540835 0.361161524500907
0.196967716638348 0.22363089792184 0.20768526989936 0.371716115540452
0.295355830270631 0.163214166388239 0.270464416972937 0.270965586368192
0.294706025859966 0.219077823859478 0.0539155891680898 0.432300561112466
0.287235812947246 0.166250624063904 0.258778498918289 0.287735064070561
0.151494161884029 0.12972491589155 0.43053631506036 0.288244607164061
0.305735790293278 0.181417077601869 0.190500908383078 0.322346223721775
0.280984134283743 0.240515060933548 0.0257530466773971 0.452747758105312
0.233031173999558 0.173557373424718 0.208047755914216 0.385363696661508
0.174240769062705 0.21105527638191 0.216408127594494 0.398295826960891
0.368900393059151 0.131243409069121 0.215607324321733 0.284248873549995
0.38235901673208 0.18178062383805 0.0404875025821111 0.395372856847759
0.353633572159672 0.150631183896281 0.191061071306721 0.304674172637325
0.30125974805039 0.145770845830834 0.210917816436713 0.342051589682064
0.2781217750258 0.166150670794634 0.21375128998968 0.341976264189886
0.318561661180046 0.206634591035705 0.0726766269941757 0.402127120790073
0.218208092485549 0.121387283236994 0.219653179190751 0.440751445086705
0.190017166248514 0.184075003301202 0.207843655090453 0.418064175359831
0.404051772650535 0.131541924592009 0.204698930782217 0.259707371975239
0.330960854092527 0.236536180308422 0.0275207591933571 0.404982206405694
0.339571068124474 0.157064760302775 0.212363330529857 0.291000841042893
0.217002600780234 0.175715214564369 0.228868660598179 0.378413524057217
0.274715261958998 0.137015945330296 0.146013667425968 0.442255125284738
0.300845751107531 0.212645992750705 0.0310108739428111 0.455497382198953
0.260338345864662 0.165883458646617 0.160714285714286 0.413063909774436
0.218192939531632 0.175375742747291 0.158074099965047 0.448357217756029
0.381915526472338 0.152647233789411 0.198215348007139 0.267221891731112
0.375109043326548 0.1858098284385 0.050159930212271 0.388921198022681
0.326180744777475 0.164963669391462 0.208560399636694 0.300295186194369
0.214959983583008 0.191770982967371 0.20480197003899 0.38846706341063
0.263659647125783 0.166476949345475 0.238332384746727 0.331531018782015
0.305297909133784 0.233296651469895 0.0452759000157208 0.416129539380601
0.266592920353982 0.146017699115044 0.220132743362832 0.367256637168142
0.155639513453741 0.227792112053078 0.221525985993365 0.395042388499816
0.338907469342252 0.11371237458194 0.226309921962096 0.321070234113712
0.267175572519084 0.235114503816794 0.0473282442748092 0.450381679389313
0.25 0.176640926640927 0.277992277992278 0.295366795366795
0.177759056444819 0.187868576242628 0.238416175231676 0.395956192080876
0.290446250575065 0.186627817819353 0.170219291519706 0.352706640085876
0.222751267984681 0.214781078563296 0.0319842666390643 0.530483386812959
0.262556585471007 0.17061866781634 0.180965725371847 0.385859021340806
0.166329262717952 0.237771827858682 0.163847711095148 0.432051198328218
0.330489073881374 0.160874089490114 0.233298647242456 0.275338189386056
0.373077559120225 0.193649743674549 0.040019844551017 0.393252852654209
0.32707643233959 0.152496626180837 0.212121212121212 0.308305729358361
0.249293119698398 0.157987747408106 0.255537229029218 0.337181903864279
0.26671875 0.180625 0.22859375 0.3240625
0.280384397964952 0.221970981722254 0.0416431128697946 0.456001507443
0.205159705159705 0.212530712530713 0.181818181818182 0.4004914004914
0.170281676317597 0.188045931887329 0.258612228874276 0.383060162920797
0.353304580953491 0.136262967711855 0.251078214244084 0.25935423709057
0.300051733057424 0.22021038110019 0.0424211070874289 0.437316778754958
0.318625536899649 0.152544578940518 0.231159703240922 0.297670180918912
0.190978537650055 0.179580453498242 0.256456893415788 0.372984115435916
0.297046654301612 0.149379369382223 0.184191753459837 0.369382222856328
0.264763458401305 0.220554649265905 0.0308319738988581 0.483849918433931
0.197859415678334 0.133834731462733 0.16170089673127 0.506604956127664
0.17674107516094 0.195468606303821 0.170721511579299 0.45706880695594
0.404055657426383 0.114550749649445 0.157803904648905 0.323589688275267
0.409345433481367 0.173199459355088 0.0318594323228422 0.385595674840703
0.329707681849082 0.155506458191706 0.188477226376615 0.326308633582597
0.27029702970297 0.13960396039604 0.170594059405941 0.419504950495049
0.274154123247138 0.14344525923067 0.208671040782195 0.373729576739997
0.303756563888515 0.224720613976033 0.0296216507338091 0.441901171401643
0.265903307888041 0.136132315521628 0.211195928753181 0.38676844783715
0.165470521161714 0.215172043731974 0.190086524917835 0.429270910188477
0.35990086094443 0.124184711714062 0.21941038351161 0.296504043829898
0.281114765449195 0.200103860135018 0.0195603254284231 0.499221048987364
0.263466209458494 0.161451635947993 0.231890270038577 0.343191884554936
0.194100580270793 0.156963249516441 0.182591876208897 0.466344294003868
0.353571067784625 0.127992726538034 0.144054955045964 0.374381250631377
0.232185089974293 0.223341902313625 0.0200514138817481 0.524421593830334
0.246244353398466 0.161151381447631 0.170080890849879 0.422523374304024
0.202081887578071 0.190191996298867 0.164931760351608 0.442794355771455
0.403533123028391 0.17198738170347 0.191608832807571 0.232870662460568
0.473684210526316 0.203182374541004 0.0382156942744458 0.284917720658235
0.417967977861237 0.164360545562364 0.206957896817553 0.210713579758846
0.336778215223097 0.173884514435696 0.245406824146982 0.243930446194226
0.378435517970402 0.165609584214235 0.189972817879795 0.265982079935568
0.406552838024919 0.230964467005076 0.0396862021227503 0.322796492847254
0.28125 0.1875 0.179924242424242 0.351325757575758
0.200469483568075 0.255164319248826 0.219835680751174 0.324530516431925
0.420060790273556 0.156491532783326 0.209379070777247 0.214068606165871
0.431231231231231 0.220620620620621 0.032032032032032 0.316116116116116
0.392136185598072 0.183639650497138 0.207442000602591 0.216782163302199
0.234315424610052 0.223570190641248 0.217677642980936 0.324436741767764
0.387747408105561 0.139773798303487 0.160037700282752 0.3124410933082
0.373685181767854 0.238420372762502 0.033400996493818 0.354493448975826
0.311238854997654 0.157437822618489 0.205419990614735 0.325903331769122
0.265016047684548 0.239981659789088 0.18881247134342 0.306189821182944
0.426905209054067 0.159335771473757 0.189384204803796 0.22437481466838
0.580504786771105 0.138008205893323 0.0428944423722492 0.238592564963322
0.390953577569105 0.173522020896707 0.194418727681524 0.241105673852665
0.266635071090047 0.187677725118483 0.215545023696682 0.330142180094787
0.311899862825789 0.208676268861454 0.207990397805213 0.271433470507545
0.376355188435725 0.232318017552917 0.041817243159525 0.349509550851833
0.360714285714286 0.208333333333333 0.176190476190476 0.254761904761905
0.181304893350063 0.238864491844417 0.237923462986198 0.341907151819322
0.333698030634573 0.169584245076586 0.216630196936543 0.280087527352298
0.357142857142857 0.305929919137466 0.0660377358490566 0.27088948787062
0.335435056746532 0.157629255989912 0.229508196721311 0.277427490542245
0.188485263879369 0.191912268677176 0.279643591501028 0.339958875942426
0.332248087253785 0.185251505778935 0.177437734006186 0.305062672961094
0.326052819414704 0.241399000713776 0.0552462526766595 0.377301927194861
0.28706749111959 0.190501249835548 0.199315879489541 0.323115379555322
0.183638529105255 0.247357451243114 0.221155277653714 0.347848741997916
0.401040568093932 0.151655768825142 0.231104548969978 0.216199114110947
0.441764176417642 0.192799279927993 0.0428442844284428 0.322592259225923
0.426376572489173 0.16250773355331 0.203444009074036 0.207671684883481
0.263205725320913 0.192888787913211 0.257525843462456 0.286379643303419
0.304894537587885 0.193888588426176 0.239994591671174 0.261222282314765
0.342446617441628 0.229495110756336 0.039912193175015 0.388146078627021
0.27027027027027 0.212530712530713 0.207616707616708 0.30958230958231
0.191505124089394 0.243733794295592 0.250648228176318 0.314112853438696
0.38513306821658 0.16325073926787 0.231875191189966 0.219741001325584
0.378811881188119 0.222376237623762 0.041980198019802 0.356831683168317
0.377826159772232 0.167811086920114 0.21855635571931 0.235806397588344
0.2088772845953 0.219321148825065 0.237162750217581 0.334638816362054
0.313387585766715 0.196425722036062 0.184617839476624 0.3055688527206
0.331147540983607 0.232614322691976 0.03244176013805 0.403796376186368
0.268895348837209 0.164389534883721 0.225 0.34171511627907
