0.310236241816925 0.187529648822405 0.244604479061719 0.25762963029895
0.354407769991143 0.249267402533331 0.0444194796626188 0.351905347812907
0.298553422193352 0.1894167468239 0.252607712583228 0.25942211839952
0.210899050252662 0.219042681019867 0.251866162987836 0.318192105739634
0.300069278731429 0.197165070323411 0.251453203866413 0.251312447078747
0.369691616766467 0.251410179640719 0.0434131736526946 0.33548502994012
0.298192798757836 0.193573578907717 0.255893080817207 0.252340541517241
0.219445224300894 0.220062019856563 0.256761355418868 0.303731400423675
0.296560605830269 0.198108843566963 0.255783902584161 0.249546648018608
0.37678412426938 0.233910189160518 0.0446556349968997 0.344650051573203
0.303512353276695 0.194512323256582 0.253342739635556 0.248632583831167
0.22246092106254 0.211644172376983 0.262097970862992 0.303796935697485
0.293650283067422 0.18969591696689 0.239567249957111 0.277086550008578
0.323239978863139 0.221562617951234 0.0399245112100853 0.415272891975542
0.2900854313868 0.182995341189367 0.238233822250289 0.288685405173544
0.202054044729876 0.196905663882383 0.230277256231465 0.370763035156276
0.332380474796237 0.161769497588582 0.217995854256551 0.28785417335863
0.336270632874914 0.218405084772898 0.0404860633035014 0.404838219048686
0.309208163318136 0.169275274154562 0.216644393462356 0.304872169064946
0.207097618128947 0.197826107414762 0.214914220645392 0.3801620538109
0.336109637994811 0.174405478378931 0.215471315308258 0.274013568318
0.341056925694531 0.233493781098735 0.0389911748091371 0.386458118397597
0.305190635683668 0.179494299151381 0.218690453464762 0.296624611700189
0.20459724742643 0.228276105314905 0.219500472407561 0.347626174851105
0.364583838713519 0.163055127973289 0.223297181191477 0.249063852121715
0.367779583394888 0.232764563943468 0.0411157482641454 0.358340104397498
0.327039553738669 0.174676310140687 0.232523482041536 0.265760654079107
0.224669261002927 0.211169511754209 0.236783074871611 0.327378152371252
0.357395984518626 0.163856636026447 0.231835591033704 0.246911788421222
0.369535768669962 0.236131093056413 0.0451784149728263 0.349154723300798
0.332130094332186 0.172622644979899 0.249201855112069 0.246045405575847
0.219379611852606 0.205525916797921 0.236999543677622 0.338094927671852
0.324959761789796 0.177975615644616 0.242668598100756 0.254396024464832
0.358514846609655 0.245591976757546 0.0463273312213778 0.349565845411421
0.31161019911386 0.18482666104038 0.255402967026392 0.248160172819368
0.204107067777558 0.208487425242185 0.248337523489184 0.339067983491072
0.284645999612762 0.189738183852161 0.266501731815933 0.259114084719145
0.348064896163632 0.254151574778478 0.0442134880747973 0.353570040983093
0.282435818951089 0.195430653104182 0.266078811583801 0.256054716360928
0.203905090922249 0.208534750115475 0.272449589929267 0.315110569033008
0.26318415890992 0.195049543836303 0.283842633343268 0.257923663910509
0.334032955517279 0.264598715987521 0.0435703014899845 0.357798027005216
0.25836139993281 0.214602912903672 0.271144524401709 0.25589116276181
0.201950093729758 0.214932844880468 0.28803776644346 0.295079294946315
0.270845614565013 0.202047169673437 0.275707764336765 0.251399451424785
0.333469145331271 0.271358110415154 0.0407235145084514 0.354449229745123
0.25931889454316 0.229805775334746 0.259743191529291 0.251132138592803
0.206600272958372 0.226285106327315 0.281628942308112 0.285485678406202
0.288548407957577 0.197899950660337 0.26444622216261 0.249105419219475
0.347059338111875 0.263891394798279 0.0403934368866217 0.348655830203225
0.269732880369945 0.226989194778044 0.250005680978946 0.253272243873064
0.209325890635 0.233936126715495 0.274032478845197 0.282705503804309
0.306286476036904 0.186695465748028 0.250586365177238 0.25643169303783
0.338382576953163 0.255927760776187 0.0393253646955496 0.366364297575101
0.283682990609771 0.209318911208843 0.235118269345061 0.271879828836325
0.202647282728813 0.237748671112292 0.256735970495456 0.302868075663439
0.343723350013311 0.167223167270545 0.228927051795166 0.260126430920978
0.344985640763172 0.266990815775257 0.0402456709033524 0.347777872558219
0.305587803166873 0.204679521665676 0.21946308513684 0.270269590030612
0.203214168579862 0.226570319195082 0.243788021456004 0.326427490769052
0.319178240641574 0.177533779441879 0.199009536212761 0.304278443703786
0.289287467698359 0.278198340158693 0.030445123223961 0.402069068918986
0.269681797767761 0.213506545351719 0.207904323092533 0.308907333787987
0.192386099157778 0.202526664769017 0.193895149272475 0.41119208680073
0.346340941257627 0.161362528098574 0.209353108386161 0.282943422257639
0.34915719962772 0.263763277245129 0.0284528223840688 0.358626700743083
0.286657456104706 0.19861531971873 0.234641000932666 0.280086223243898
0.237434764624605 0.195441224356887 0.216643931459952 0.350480079558556
0.317059446927599 0.173105357902107 0.241172227498778 0.268662967671516
0.350358565986471 0.263889541016756 0.0361257970306792 0.349626095966094
0.268308720299977 0.201649162090597 0.26534093938263 0.264701178226795
0.222167515596273 0.206085721375246 0.251017445552254 0.320729317476227
0.312351030453533 0.199283837566378 0.23259758544616 0.255767546533929
0.346003678978657 0.254013984991716 0.0366253289153104 0.363357007114316
0.288635893441725 0.207667546944786 0.24093354103029 0.262763018583198
0.218465934682915 0.227478510809016 0.241064414151127 0.312991140356942
0.310995355317137 0.186126793008507 0.267103432921036 0.23577441875332
0.355780490452009 0.234441315412166 0.0421733890085284 0.367604805127297
0.293029981683216 0.18782094540313 0.271747164111957 0.247401908801697
0.216435566533668 0.201984988234194 0.281076289615268 0.30050315561687
0.29187424916004 0.196178810560489 0.281910289478102 0.230036650801368
0.369091147737714 0.259617608270362 0.0437831655134912 0.327508078478433
0.282987361294603 0.199554328288813 0.294775548159194 0.22268276225739
0.210103541922254 0.233349265118861 0.276470808490394 0.280076384468491
0.293863111357593 0.20255556474895 0.274291617935467 0.22928970595799
0.350223964967013 0.282659530317558 0.0419222347839776 0.325194269931451
0.272221283398649 0.220513563318285 0.286129284053143 0.221135869229923
0.209400712961917 0.229082884827565 0.282925211112206 0.278591191098312
0.29464116173718 0.202309368585715 0.24741168066695 0.255637789010154
0.325114625755767 0.281346941223293 0.0359605938186596 0.357577839202281
0.27502239573541 0.2145953837136 0.257614550039262 0.252767670511729
0.200897488479819 0.225689401433086 0.257805978431325 0.31560713165577
0.308395802445721 0.192324683645313 0.232433670176964 0.266845843732002
0.320732575364075 0.264830281394026 0.0345593307444753 0.379877812497424
0.266082170384075 0.209690365728559 0.233906982654159 0.290320481233207
0.190795693023994 0.229185914653622 0.237756136669103 0.342262255653281
0.343094038375998 0.187012974787068 0.217097629800824 0.25279535703611
0.357632240390861 0.247798582281341 0.0340308960998616 0.360538281227936
0.326339516788833 0.203092284316508 0.194222838155983 0.276345360738675
0.210710185466467 0.225534483506859 0.211676773096513 0.352078557930161
0.353732839087882 0.176968106072678 0.216479088217781 0.252819966621659
0.374562587263476 0.259187858181882 0.0342861482558989 0.331963406298743
0.31164392448186 0.202147811226892 0.221720547295218 0.26448771699603
0.23080890812414 0.218465840974711 0.219769459069011 0.330955791832138
0.318636481957177 0.178648468130702 0.24933258806508 0.253382461847041
0.378007670359031 0.272288819663254 0.0349777892823246 0.31472572069539
0.282620871862616 0.192450902686041 0.272630559225011 0.252297666226332
0.239631022541764 0.218715347172116 0.262760222118641 0.278893408167479
0.31045980090922 0.175363981145818 0.279518263941797 0.234657954003165
0.366098470255629 0.266451716146775 0.0420190729073441 0.325430740690252
0.282756138336417 0.188433690498147 0.29677897229345 0.232031198871986
0.232661450124884 0.209518806278283 0.278363793882084 0.279455949714749
0.323531989014629 0.184022056230565 0.262199852531017 0.23024610222379
0.369390163214655 0.239376412082702 0.0484917965808161 0.342741628121827
0.317027013084335 0.181176911401753 0.291613155472532 0.210182920041379
0.222122773988457 0.191938520416037 0.287761773734429 0.298176931861077
0.3401062851557 0.163321266143663 0.229813690323329 0.266758758377308
0.364714097640196 0.21112666446713 0.0398415052516601 0.384317732641013
0.341007687971307 0.150788268967339 0.238062947137368 0.270141095923986
0.20642186658096 0.184082165105353 0.248095229092422 0.361400739221265
0.337444256935782 0.152909237655 0.256809417826367 0.25283708758285
0.377324356014013 0.207420675169224 0.036610630354561 0.378644338462202
0.328697502541157 0.163584029182935 0.239774414900523 0.267944053375385
0.224176241003783 0.183372096505325 0.252239446601651 0.34021221588924
0.304245244241298 0.193448808799592 0.262532677857977 0.239773269101133
0.37629522892334 0.247460228959545 0.0397601789968357 0.33648436312028
0.283775314116778 0.218944567627494 0.249152993348115 0.248127124907613
0.218364439672971 0.20645800644149 0.269109753076224 0.306067800809315
0.2945991514684 0.198551986335335 0.264281227615847 0.242567634580418
0.403394605002763 0.241862634978932 0.0400464737589664 0.314696286259338
0.271692741351204 0.222049900380366 0.272847423474008 0.233409934794421
0.230698015532583 0.206853622043501 0.291370611230451 0.271077751193465
0.274736702457729 0.202583974904888 0.244923417967998 0.277755904669386
0.367823231095108 0.245456702809915 0.0353121786439397 0.351407887451037
0.270376186478262 0.194963167921365 0.255640565771967 0.279020079828405
0.225602349137725 0.212046504509847 0.268481764531464 0.293869381820964
0.286589926441687 0.201201639620417 0.264149587287327 0.24805884665057
0.354482660400199 0.258076384438273 0.0374356144223694 0.350005340739158
0.304485452993833 0.197327248627612 0.227631746185458 0.270555552193097
0.20813825814873 0.245082835992985 0.238668361960815 0.30811054389747
0.323116654859797 0.175031609530385 0.229249800478851 0.272601935130967
0.340449984899836 0.261817276825162 0.0369031240562397 0.360829614218762
0.293859993652928 0.212243564163553 0.22379711993766 0.270099322245858
0.207870587143729 0.219449041637987 0.226511337866034 0.34616903335225
0.317579502392806 0.164009821367838 0.206079768991598 0.312330907247757
0.327042198993419 0.248527669259377 0.0334324663592956 0.390997665387909
0.296908375877309 0.187832365879332 0.226233375277293 0.289025882966067
0.208346411067385 0.191767868208632 0.228628970601254 0.37125675012273
0.374953796111481 0.137758153726218 0.226440497232247 0.260847552930055
0.398465663156535 0.211040764907294 0.0271109244783255 0.363382647457846
0.352191369289946 0.149679226212202 0.244511048095011 0.253618356402841
0.263585055016098 0.164627706955482 0.235809777088839 0.335977460939581
0.308661974070381 0.174346849332493 0.273431961406731 0.243559215190394
0.363513216241563 0.248119546298333 0.040075179554866 0.348292057905238
0.274607608190234 0.18297310567509 0.304116252678539 0.238303033456137
0.207232310129654 0.202091160900001 0.254138842012422 0.336537686957923
0.308742246307283 0.185469230734579 0.266470262307931 0.239318260650207
0.404852907668955 0.233319533900073 0.0454579004964587 0.316369657934514
0.315725293132328 0.19030351758794 0.286150753768844 0.207820435510888
0.206258348479208 0.214732739177086 0.269568835263976 0.309440077079729
0.291638960667301 0.186983931923203 0.286653985034552 0.234723122374944
0.374107578104271 0.246811346484922 0.0434255425493185 0.335655532861489
0.304514733114942 0.187350799095894 0.27274960190094 0.235384865888223
0.206575074759672 0.207198170364723 0.298250375863542 0.287976379012063
0.297648750092853 0.194422718116553 0.283956793980521 0.223971737810074
0.37088404769975 0.256500169475857 0.0396789202847194 0.332936862539673
0.301818656340796 0.199972303373928 0.271853037441045 0.22635600284423
0.214856784748026 0.217328472581102 0.287164761261145 0.280649981409727
0.292751426436993 0.218050518064593 0.255091324448102 0.234106731050312
0.345744430729442 0.278534062187739 0.0339358137894551 0.341785693293364
0.282249029184297 0.219972697507968 0.262884383192107 0.234893890115628
0.209886495162148 0.241072051629421 0.258286671302791 0.29075478190564
0.31383376590606 0.195450776828521 0.217430878483112 0.273284578782308
0.329453349904926 0.255290162210395 0.0283921306181416 0.386864357266537
0.285072338995863 0.206940823911615 0.221414622586325 0.286572214506196
0.208628443140826 0.225622597707701 0.227126238650291 0.338622720501183
0.336880508081493 0.180397473864488 0.193931298390837 0.288790719663182
0.325348604151754 0.253686471009306 0.0276993557623479 0.393265569076593
0.297141648927402 0.193644684312756 0.200005733903857 0.309207932855986
0.207739944167027 0.224548814532301 0.21200015727598 0.355711084024692
0.345444316978468 0.151769325803036 0.243046240734204 0.259740116484292
0.360325684678016 0.265154700222058 0.0388985936343449 0.335621021465581
0.279808671264191 0.184908849914517 0.256234512169353 0.279047966651939
0.207375825970053 0.212403266244624 0.246230356002689 0.333990551782635
0.343995877592202 0.167607054860068 0.227327839676443 0.261069227871287
0.361684436900821 0.253837714157109 0.0349528158866206 0.349525033055449
0.315476634816363 0.187720837065791 0.24664700905743 0.250155519060416
0.207835767490775 0.21653526157599 0.22539240028459 0.350236570648645
0.332628466673526 0.156923477519513 0.235804146463872 0.274643909343088
0.366043734131611 0.227756422348877 0.0320413900167923 0.37415845350272
0.309802193755425 0.180455454138938 0.243440434542442 0.266301917563195
0.22162384361142 0.199581873141889 0.24110805693501 0.337686226311681
0.364326546503425 0.162549006884512 0.250339620587811 0.222784826024252
0.386889473033772 0.217456653963186 0.0423790803392197 0.353274792663823
0.317541908013349 0.181198613934814 0.283551983837764 0.217707494214073
0.221997723162382 0.191968899367007 0.262627567497739 0.323405809972872
0.343546926707318 0.191977628384388 0.234637542968406 0.229837901939888
0.365651449154815 0.233847449168395 0.0352298922767195 0.36527120940007
0.340131016804329 0.174836228994588 0.25379663913415 0.231236115066933
0.213797502548073 0.219072978169428 0.237462232906347 0.329667286376152
0.25301994492773 0.222985874794798 0.241313536536616 0.282680643740856
0.342262615116131 0.26977858646225 0.030051858441643 0.357906939979976
0.270348601918898 0.200273327812817 0.254225996650333 0.275152073617951
0.209523512396878 0.219306416604641 0.256630758877038 0.314539312121442
0.234708105353245 0.21704105083996 0.234931678093718 0.313319165713077
0.336527955025065 0.274453869829592 0.0302001573677874 0.358818017777555
0.237625253118077 0.210366856050713 0.253929283648956 0.298078607182254
0.225608295615977 0.206370378935545 0.255746390696752 0.312274934751726
0.240528443047283 0.206696342649026 0.242921932755277 0.309853281548415
0.343242781957622 0.281049683410604 0.0323444403096784 0.343363094322096
0.235123855467572 0.214922957297237 0.256908453274513 0.293044733960677
0.23110336268542 0.211591119516183 0.264793254929772 0.292512262868625
0.223720881636144 0.210512376291753 0.250529093458194 0.315237648613909
0.310858119239503 0.270974331003161 0.0351334654258872 0.383034084331448
0.21494407956407 0.220909540742471 0.251388406536498 0.312757973156961
0.193239203948364 0.222659748034201 0.280525603438053 0.303575444579382
0.299714038198848 0.172318463138628 0.234276853388226 0.293690645274298
0.390946671272006 0.188155506943645 0.0395839843857081 0.381313837398641
0.265517498917054 0.205589496168611 0.221664899099287 0.307228105815048
0.213021420954206 0.197902338376891 0.277089161244455 0.311987079424447
0.263240895156617 0.194423186662007 0.25737743352458 0.284958484656796
0.319448290412332 0.241237786304838 0.0367498714347878 0.402564051848043
0.248430112931346 0.203653384013696 0.255077198548699 0.292839304506259
0.16915471510754 0.215061603388724 0.275370959323975 0.340412722179761
0.367700981021699 0.17423291336973 0.222039046917631 0.23602705869094
0.351162285336659 0.296809185164899 0.0338668722632192 0.318161657235222
0.317877043834457 0.203256404682083 0.236761559321258 0.242104992162202
0.235154980880611 0.22330713340356 0.227038404698238 0.314499481017591
0.348161507270921 0.135043316126301 0.234601198521389 0.282193978081389
0.415047622285303 0.215719603610341 0.0294459270339334 0.339786847070422
0.33647847522442 0.15143891927619 0.264387506660102 0.247695098839288
0.258830727151674 0.161879419862163 0.222713817861192 0.356576035124971
0.336709241172051 0.16215815176559 0.233523666416228 0.267608940646131
0.360691069762421 0.255110538775321 0.0329264437127457 0.351271947749512
0.293895018873901 0.177827125623631 0.268534039014862 0.259743816487607
0.210696477859726 0.200489650476808 0.194390423888094 0.394423447775372
0.334120737164744 0.187418590754919 0.211216958056237 0.267243714024099
0.329870317381146 0.256123172236369 0.0349900244139343 0.379016485968551
0.299418623429476 0.196589257452925 0.247624430735441 0.256367688382158
0.203826504385237 0.227377873733659 0.207448575292415 0.361347046588689
0.294139261436708 0.174994300184386 0.277641892205973 0.253224546172933
0.377631787240779 0.221287061955101 0.0423108718977011 0.358770278906419
0.296005121815215 0.185263078183408 0.252624586089866 0.266107213911511
0.223411524478311 0.198037750884008 0.309130932815379 0.269419791822302
0.271647062149473 0.166822154517955 0.308318273845639 0.253212509486934
0.406491755340752 0.195002842985948 0.0444285598245472 0.354076841848753
0.296480761714509 0.178149563555826 0.268141746645243 0.257227928084423
0.211134701580561 0.171224523405752 0.31789715445526 0.299743620558426
0.381955668691068 0.164850724248336 0.243051487913046 0.210142119147549
0.471772489992911 0.20355385926345 0.0387859736056312 0.285887677138008
0.389442085593549 0.174387915967826 0.224853054502047 0.211316943936578
0.266375008244114 0.185365049354761 0.306933849231649 0.241326093169477
0.350206787589647 0.176080105880753 0.180504998872694 0.293208107656906
0.380412226584408 0.194889231632081 0.026559871003926 0.398138670779585
0.328759532718289 0.17517637313987 0.181617206020965 0.314446888120876
0.220016641235029 0.202472876684112 0.217826719752387 0.359683762328472
0.356597184650344 0.163890337114021 0.203535418121723 0.275977060113912
0.389454382157024 0.187353287383225 0.0291588136435079 0.394033516816243
0.390024647832395 0.156810133691091 0.201667628660125 0.251497589816389
0.226033469705455 0.195876562663148 0.21852319433502 0.359566773296377
0.273918558505358 0.173230717231385 0.361150662685825 0.191700061577431
0.368453181619753 0.272328479303234 0.0379047341877278 0.321313604889285
0.273725886795701 0.205726561015059 0.282401081619991 0.238146470569249
0.196148906340383 0.260033138229556 0.247232761747895 0.296585193682167
0.288240140365206 0.185793958502993 0.260159976447516 0.265805924684285
0.345940295823405 0.254900418109068 0.0357837297127186 0.363375556354808
0.297404279700072 0.199180429962883 0.24947064245323 0.253944647883815
0.232113232680969 0.204640691704413 0.267792144593356 0.295453931021262
0.295249461108154 0.171502875544346 0.24966182900329 0.28358583434421
0.317519138086222 0.258694546209861 0.0219933712833882 0.401792944420529
0.296275062987493 0.184822654375934 0.221703905978909 0.297198376657665
0.273907602011091 0.190840040567076 0.193280538592668 0.341971818829165
0.26286510234348 0.19373040214109 0.296698438180761 0.24670605733467
0.356576862123613 0.275297704287833 0.0321985246851113 0.335926908903443
0.266642320900606 0.212243579389436 0.250310759658129 0.270803340051828
0.240591896300936 0.213591095038901 0.24227896600689 0.303538042653273
0.430386022576514 0.139138438373646 0.269187511763383 0.161288027286457
0.511621031239146 0.153087029281497 0.0396180000401863 0.295673939439171
0.395033161428038 0.147217650614781 0.293741123930895 0.164008064026286
0.401942493415277 0.117585601404741 0.282034679543459 0.198437225636523
0.278312222990578 0.234113263481004 0.311591285090292 0.175983228438126
0.388680575585681 0.235938852033458 0.0334949478301079 0.341885624550753
0.277577942630237 0.215353985118973 0.289028081222603 0.218039991028186
0.260373424556629 0.207749402283496 0.281369972470707 0.250507200689169
0.329315126946874 0.194247658525753 0.232059582954155 0.244377631573218
0.428914202005405 0.260958025689165 0.0288294507727236 0.281298321532706
0.351216482635604 0.179127579624427 0.274469872586473 0.195186065153496
0.27695017245175 0.211009251994062 0.247097109245785 0.264943466308404
0.264258100768617 0.198264270871532 0.279108673719777 0.258368954640074
0.335367215271617 0.286306603175753 0.024913544929478 0.353412636623152
0.279822002254806 0.187431500073799 0.279212765088826 0.253533732582569
0.256230642163948 0.219634007846376 0.253401817055544 0.270733532934132
0.236053569057591 0.181683361051037 0.263560483480773 0.318702586410599
0.281852605711234 0.255245728918758 0.0237015941733581 0.439200071196649
0.244293502444514 0.171342774544901 0.272378858040197 0.311984864970387
0.223408444935537 0.200521647939401 0.250102956830145 0.325966950294918
0.242282676027256 0.209281437125749 0.258716188313029 0.289719698533967
0.274932402938156 0.358068152912248 0.0322613062170454 0.334738137932551
0.22560096081307 0.224550825925054 0.28060630201638 0.269241911245496
0.179016906665791 0.266182837189192 0.278836838907771 0.275963417237246
0.226527087061321 0.222242606589858 0.210766521216363 0.340463785132458
0.217002592563171 0.251257164453239 0.0176111347819912 0.514129108201599
0.186789471764088 0.218251262147911 0.144621524006769 0.450337742081232
0.18161392997566 0.218237156181013 0.184827333963242 0.415321579880085
0.282184614808387 0.176983388787275 0.321505933467755 0.219326062936583
0.355812710623015 0.28121651145983 0.0382188181020184 0.324751959815136
0.245269456691435 0.233027044102902 0.244170661245942 0.27753283795972
0.267161818728244 0.199251290400703 0.260030695342886 0.273556195528167
0.346729587357331 0.169273485513608 0.231696663740123 0.252300263388938
0.364700505881706 0.206185119731122 0.0292653579496317 0.39984901643754
0.319076747316844 0.173501695002827 0.248320067053795 0.259101490626534
0.287396080555645 0.174295459449038 0.257187713749271 0.281120746246046
0.304518003416412 0.189259245737651 0.256465339172106 0.249757411673831
0.314523888112477 0.258004255827183 0.0256543509863547 0.401817505073985
0.281445910424583 0.194925502326262 0.273474245635474 0.250154341613681
0.272437335141899 0.210739358402854 0.226379013201526 0.290444293253722
0.259400556718382 0.219970653604644 0.279051852491207 0.241576937185767
0.328769065974684 0.302174011435813 0.0384261424497986 0.330630780139704
0.250650980911584 0.240695864728424 0.273083858382677 0.235569295977314
0.206048679169539 0.260472392156178 0.268608131812509 0.264870796861773
0.371741967513683 0.163205768791213 0.222505953858518 0.242546309836585
0.314089629574272 0.196161223625539 0.0266048875270906 0.463144259273099
0.372625657510228 0.161188351391449 0.215604347435148 0.250581643663175
0.237502581988523 0.181216419310188 0.246481966442459 0.33479903225883
0.371383472062904 0.126448817122072 0.227110601292195 0.275057109522829
0.412801560746088 0.185446186177786 0.0307379474324077 0.371014305643718
0.36618883513925 0.142703516125483 0.195454271203404 0.295653377531862
0.231278615537326 0.194264169122318 0.222372226830277 0.352084988510079
0.251943540043095 0.209002458495097 0.215628055320886 0.323425946140922
0.313440868602094 0.247983713710747 0.0295500990593264 0.409025318627833
0.254148777650013 0.208650005783454 0.189146158085609 0.348055058480925
0.159709611733575 0.226451695407104 0.213510137029422 0.400328555829899
0.297514926970997 0.227423888032133 0.216414654043901 0.258646530952968
0.398774670817743 0.255022707149182 0.0309417040358744 0.315260917997201
0.295558749298934 0.242733454851374 0.199288418395962 0.26241937745373
0.208536205469243 0.266151031528438 0.226781359342273 0.298531403660046
0.296095587750346 0.208347439927891 0.239576142634159 0.255980829687603
0.359725601003309 0.248792453020253 0.0344358652785543 0.357046080697884
0.275461686633107 0.235000107410616 0.21488209894666 0.274656107009617
0.208906779175823 0.240534565296856 0.275491823855053 0.275066831672267
0.300983232962562 0.172054640868485 0.272365322900114 0.254596803268838
0.421179484952447 0.199203652234334 0.0391741216832414 0.340442741129978
0.322995694906994 0.174877751604256 0.245260336284624 0.256866217204126
0.243881063754368 0.187011653977553 0.280132566984819 0.28897471528326
0.364091837242891 0.158123412520544 0.230097116390258 0.247687633846307
0.361160256366127 0.263893956395729 0.0367029002967073 0.338242886941436
0.337141399750233 0.178430924196319 0.228812317145387 0.255615358908061
0.228198481967554 0.205200002656225 0.222516374518836 0.344085140857385
0.382543674424858 0.155636353571061 0.18013080579215 0.281689166211931
0.307997157714544 0.262856496883176 0.0275830884015374 0.401563257000743
0.322733179324285 0.176846795999265 0.217123224739453 0.283296799936996
0.222159650246538 0.191446601983484 0.201080297995452 0.385313449774526
0.323161160646942 0.149732751134432 0.244499076554263 0.282607011664363
0.326713169495552 0.258697832800993 0.0342963862418499 0.380292611461605
0.277480471611545 0.173145285041216 0.293585126809219 0.25578911653802
0.216138241923366 0.187415477084899 0.275180315552216 0.321265965439519
0.366661868173394 0.190373472729563 0.240406762276645 0.202557896820398
0.396837547463766 0.279113919782021 0.0383655603590722 0.285682972395141
0.32790252304624 0.201299768262764 0.282470126293961 0.188327582397036
0.248102883942093 0.226200556921624 0.24012563305053 0.285570926085753
0.33598419515282 0.179851520869267 0.235600649789127 0.248563634188786
0.402971497877502 0.232273418996075 0.0318889664404957 0.332866116685927
0.3275087591871 0.192984910681594 0.21783808080778 0.261668249323526
0.226806555520901 0.207275233854291 0.253980568274445 0.311937642350363
0.315673630074729 0.201024670676474 0.271905218939792 0.211396480309004
0.450556803367522 0.233084643535898 0.0453610190522563 0.270997534044324
0.337694660917494 0.226861558342234 0.226268180439627 0.209175600300645
0.243883288139042 0.196579684244518 0.315434772030558 0.244102255585882
0.286854937174474 0.196596371111077 0.265909231411217 0.250639460303232
0.409903356386395 0.244357476810014 0.0377164025273724 0.308022764276218
0.298541094425895 0.197037231972017 0.26692599110731 0.237495682494778
0.256675836635156 0.189926975186771 0.303355773957108 0.250041414220965
0.303585667145083 0.188778076276696 0.250900608038208 0.256735648540013
0.413116638442649 0.248785240324182 0.0355284550346833 0.302569666198486
0.298905783872835 0.188451734271339 0.279531590898971 0.233110890956855
0.285054415834656 0.180010837000338 0.298080684626281 0.236854062538725
0.297925654512145 0.191097846856963 0.254230443433209 0.256746055197683
0.393097100782329 0.26227525905708 0.0344732373803894 0.310154402780202
0.279645106504422 0.191554072013945 0.276192421440223 0.25260840004141
0.269608109241831 0.190820350091051 0.298663100284751 0.240908440382366
0.291442977964254 0.182501073705772 0.238412236942086 0.287643711387889
0.353861375794691 0.250933348901952 0.0297903460227814 0.365414929280576
0.273619764949245 0.178868230891352 0.241982166837658 0.305529837321745
0.226029636610156 0.208771263450425 0.265443347148366 0.299755752791053
0.323633624666289 0.180921331188077 0.239761377361602 0.255683666784032
0.325655457528345 0.277399712352051 0.0323043589248691 0.364640471194735
0.299148504846424 0.190276774671506 0.21350923253846 0.29706548794361
0.191117415134119 0.242326103322396 0.218550061180137 0.348006420363347
0.363705908124096 0.154598221683476 0.240093160722677 0.241602709469751
0.370583879236685 0.252643121617773 0.0361378524636856 0.340635146681857
0.322884661739393 0.192442055874874 0.221031332434791 0.263641949950942
0.220316744256857 0.198988790153925 0.232033397168292 0.348661068420926
0.328312717995091 0.163480170520605 0.244213037721225 0.26399407376308
0.3712423440357 0.236676384466864 0.0331204367895457 0.358960834707891
0.321093011526656 0.183314239143868 0.245991055235092 0.249601694094384
0.223448368251284 0.197224844528079 0.24776080663291 0.331565980587727
0.350545599495092 0.166972545632713 0.232147602517896 0.250334252354299
0.357277665255017 0.260732040929058 0.0367664465896836 0.345223847226241
0.322829142480741 0.186641638035273 0.251132628037221 0.239396591446764
0.210403747902724 0.212986625732603 0.242977407168641 0.333632219196032
0.369996079627129 0.150658477443336 0.23513110432133 0.244214338608205
0.409027570419031 0.207443764307754 0.0408641883149199 0.342664476958296
0.354585720671299 0.150442145931601 0.279935108168681 0.215037025228419
0.239794659056956 0.157686428531219 0.263496338764923 0.339022573646902
0.338787684737365 0.161555903825161 0.257172762320974 0.2424836491165
0.414299709933342 0.214418810150412 0.0371669516107344 0.334114528305511
0.338176165803109 0.159985196150999 0.262324204293116 0.239514433752776
0.233120808330392 0.182922255559478 0.250679491704906 0.333277444405224
0.28733535170841 0.187811111547989 0.286385797979004 0.238467738764597
0.351316289304119 0.264515735982397 0.0383132288329355 0.345854745880548
0.278834645669291 0.197526127415891 0.275244094488189 0.248395132426629
0.200806365290613 0.211920647946623 0.276641720483819 0.310631266278945
0.279948287725981 0.200125573712001 0.269441335993087 0.250484802568932
0.32198727505617 0.289988930918734 0.034638125035622 0.353385668989474
0.266059041609569 0.214822545864007 0.251691683397601 0.267426729128823
0.19651418478065 0.233841606286724 0.26504767311921 0.304596535813417
0.288798465747623 0.204525274497867 0.259995139288267 0.246681120466243
0.333949724255708 0.277593464805891 0.0350173495915504 0.35343946134685
0.273141127373185 0.220681243754776 0.244642332334097 0.261535296537942
0.198958457390947 0.24540562779468 0.260630338988556 0.295005575825818
0.285315087584738 0.199444396377352 0.254399113279067 0.260841402758843
0.336529985592428 0.263197841793676 0.0374836549959121 0.362788517617984
0.270508119434259 0.209182510091517 0.2464980125104 0.273811357963825
0.19121984470652 0.241067566209467 0.264914335152519 0.302798253931494
0.333526083867724 0.183017812509588 0.232676644063716 0.250779459558971
0.33974063535782 0.294662298846134 0.0390923617416454 0.326504704054401
0.302550305752843 0.21907761987918 0.224313367353865 0.254058707014112
0.198203809539842 0.247891538377368 0.265462051899299 0.288442600183491
0.356776227910745 0.160481310355399 0.197619725403464 0.285122736330392
0.329747403685092 0.250658626465662 0.0278298157453936 0.391764154103853
0.313982035063397 0.18058323465134 0.206320782267407 0.299113948017856
0.225973125036601 0.190214918622827 0.212150492587537 0.371661463753035
0.377854845672573 0.149266833700657 0.232365899453249 0.240512421173521
0.417487977056419 0.226541846997272 0.0272910251449419 0.328679150801367
0.345934013345529 0.164596141451799 0.252144817126119 0.237325028076553
0.268454417406627 0.187713827695796 0.230745920789523 0.313085834108054
0.338903204359413 0.15482196676811 0.244845971455176 0.261428857417301
0.398808855321897 0.231571300221804 0.0400054749136648 0.329614369542634
0.307881646101169 0.176959105885393 0.273716002325732 0.241443245687706
0.231980483477489 0.193991366313389 0.249796702890515 0.324231447318606
0.322780607933557 0.172950014888497 0.259617164425344 0.244652212752601
0.359927175228606 0.24420641914016 0.04524804652008 0.350618359111154
0.298287755604829 0.198113539576954 0.274607280704842 0.228991424113375
0.211385414083877 0.205210854410729 0.267145154813809 0.316258576691586
0.314249525835748 0.192910947745913 0.254533959654502 0.238305566763837
0.354474528447136 0.236349868188288 0.0396440612460999 0.369531542118477
0.323943268122994 0.182337281746698 0.243224500296411 0.250494949833898
0.220556058717505 0.225562021933876 0.267833603845154 0.286048315503466
0.2599956418811 0.211631100044216 0.253754646368269 0.274618611706415
0.339777149670445 0.277358479146366 0.0364749459820969 0.346389425201092
0.263111514633625 0.207392769826011 0.248584704123051 0.280911011417314
0.211906339491268 0.217721376831939 0.281987758998259 0.288384524678533
0.286365723249385 0.197213746664244 0.253244889955906 0.263175640130465
0.359038154184297 0.268909039688273 0.0375907553016716 0.334462050825758
0.267731530174876 0.229867546370489 0.238466338730894 0.26393458472374
0.218080121196041 0.205419157704636 0.290485340500105 0.286015380599219
0.335566717445974 0.189978745124847 0.21037346558589 0.264081071843289
0.368892637203405 0.238509780836805 0.03108019380547 0.36151738815432
0.297146796460387 0.220060974522634 0.203099835380675 0.279692393636304
0.233108160229214 0.211553253622789 0.229070472202325 0.326268113945672
0.3518333470972 0.174698571310595 0.217350730861343 0.256117350730861
0.373534368070953 0.223861049519586 0.0300931263858093 0.372511456023651
0.332548894665576 0.187034314967814 0.208793436782691 0.271623353583919
0.230781720129561 0.213337087519113 0.215610151099127 0.340271041252199
0.305299408071391 0.198031562871203 0.239524460726086 0.25714456833132
0.332427699722293 0.276807229869443 0.0393855624269714 0.351379507981292
0.280159980434048 0.199144708920492 0.237060934993562 0.283634375651899
0.178025207686225 0.255209479785751 0.232060312568787 0.334704999959237
0.296813408074716 0.18294072050441 0.265651734145027 0.254594137275847
0.330092566115736 0.292491496390221 0.0433119006963565 0.334104036797686
0.25896978413579 0.213743685675573 0.251480683052145 0.275805847136492
0.193767448410693 0.241817368469013 0.25090503922527 0.313510143895024
0.287942205012666 0.185181843865218 0.260708952477725 0.266166998644391
0.328020678626023 0.270882941491109 0.0384981930638632 0.362598186819005
0.277254530098514 0.193140898793498 0.274144517993859 0.255460053114128
0.215809102469571 0.203150279443037 0.26402718558651 0.317013432500882
0.30192118044995 0.16502382466521 0.243728168403978 0.289326826480862
0.367244159135665 0.230222568611936 0.0349708179887318 0.367562454263667
0.304529370973382 0.161900415478808 0.271205125621588 0.262365087926221
0.235652152072537 0.167923193489782 0.265917634352788 0.330507020084894
0.349602736256462 0.151858402559175 0.241889242910869 0.256649618273494
0.38423249669749 0.210698370761779 0.0413491853808895 0.363719947159841
0.322604351693995 0.162249813299058 0.264011496612605 0.251134338394342
0.231153558218701 0.169642694992241 0.258758079064352 0.340445667724705
0.359617256115621 0.166736179532591 0.257223797175561 0.216422767176226
0.397782497970441 0.215600360316278 0.0446688389438136 0.341948302769468
0.333958417310737 0.177643608662379 0.256293193594934 0.232104780431951
0.22395566886673 0.204891017200748 0.265504574845478 0.305648739087044
0.314959620308598 0.184791828586533 0.272666479924567 0.227582071180302
0.370382862199663 0.252041208194887 0.0419929538661902 0.33558297573926
0.301943008839561 0.191084187635912 0.272142675590951 0.234830127933576
0.209474677630789 0.20206353950685 0.274661627061363 0.313800155800998
0.280420751169885 0.195970409368509 0.281192457004195 0.242416382457411
0.331167040112065 0.288755419606968 0.0408837484620558 0.339193791818912
0.25708844165588 0.213303212437512 0.28365034476883 0.245958001137778
0.192599925522786 0.230067515213474 0.275859436980018 0.301473122283721
0.279613500928852 0.19889744022775 0.274115177688243 0.247373881155155
0.325429389840631 0.294935245910705 0.0404975724128778 0.339137791835787
0.259784759817471 0.224096759948316 0.269205606712353 0.246912873521859
0.196922499615708 0.229413254003418 0.276606566419213 0.297057679961661
0.305664994435243 0.188807507493792 0.251911608106516 0.253615889964448
0.336697004079859 0.278897660183419 0.037579766474342 0.34682556926238
0.30323282338967 0.201462569944331 0.237772085235485 0.257532521430514
0.213316308161572 0.223213866420979 0.264107822112299 0.299362003305149
0.311365823897238 0.169572198520326 0.283485933408073 0.235576044174363
0.374871713454636 0.23974699908711 0.0418625221843584 0.343518765273895
0.296950491584007 0.182657991287119 0.256523722912877 0.263867794215997
0.221993533237546 0.198816970563803 0.271595301894897 0.307594194303755
0.317583237499229 0.183589091705266 0.253616364567811 0.245211306227693
0.369767666056107 0.254477971657187 0.0386452006812558 0.33710916160545
0.310125497677979 0.194949818065496 0.238217098987222 0.256707585269303
0.22987763343819 0.209131971157555 0.250444738855076 0.310545656549179
0.343902474792231 0.156023153647454 0.233995973460875 0.26607839809944
0.390879994158523 0.227133051806598 0.0351127526743012 0.346874201360577
0.321237574310496 0.172787130883929 0.256748854887438 0.249226439918137
0.252120217731118 0.167378025121116 0.248169129629835 0.332332627517932
0.389042262822354 0.14140490523054 0.237151269682174 0.232401562264932
0.437465124131435 0.215496436885785 0.0342272218371808 0.312811217145599
0.347569545524264 0.160648830708649 0.279440442987852 0.212341180779235
0.285346521668313 0.156686219304016 0.249976202614116 0.307991056413554
0.345799853907962 0.163440027458263 0.240726235841833 0.250033882791942
0.358515319331731 0.241854651140291 0.0400775544797 0.359552475048278
0.28589915941558 0.189623435907285 0.27959403761209 0.244883367065046
0.21864912760618 0.192830552218747 0.234070338610117 0.354449981564957
0.32288230664903 0.179800914220652 0.255994340538821 0.241322438591497
0.383283155075766 0.232063074901445 0.0470866115537517 0.337567158469036
0.314787757273933 0.19126099137741 0.276046367369978 0.21790488397868
0.205714016433474 0.208057371501032 0.259885359814245 0.326343252251249
0.287061860578296 0.193597054560459 0.282446915434992 0.236894169426253
0.361802468436667 0.248926390501269 0.0450774414587876 0.344193699603276
0.302809292274446 0.200290028149791 0.265136910347181 0.231763769228582
0.204789214115863 0.215377014118571 0.27814802615252 0.301685745613046
0.284021422942373 0.199059676601977 0.28472912122626 0.23218977922939
0.366453702603114 0.261544633305598 0.0439082372518721 0.328093426839415
0.288943171993577 0.219330579533135 0.264946685147319 0.226779563325969
0.215764061311809 0.217504832931734 0.290789027641621 0.275942078114836
0.290980765128351 0.205177149256915 0.274508017492711 0.229334068122022
0.366925908672582 0.271263904195971 0.0403150670923614 0.321495120039085
0.283738197166773 0.230977414010858 0.258538772341321 0.226745616481047
0.226969634551177 0.22835880952495 0.27836431832226 0.266307237601613
0.299940263103964 0.197613576408722 0.259046651463554 0.24339950902376
0.365257148452268 0.261225511128276 0.0393535454636941 0.334163794955762
0.287526433127416 0.21811024299827 0.252119671411479 0.242243652462836
0.22935900496446 0.222928105466752 0.27021226840236 0.277500621166429
0.317518670882003 0.182114560499663 0.242032970568427 0.258333798049906
0.361349116502031 0.249090246939023 0.0398371619656877 0.349723474593258
0.29501270762819 0.195146408739957 0.244257477023886 0.265583406607967
0.221310433892651 0.216371067046476 0.256641461572049 0.305677037488824
0.336451701479575 0.167742663320541 0.226657471205648 0.269148163994236
0.349118368159324 0.244586114034638 0.0425571696104656 0.363738348195572
0.304525059845342 0.183900662998659 0.234402611888857 0.277171665267142
0.204696340597638 0.212882128950369 0.234943958006153 0.34747757244584
0.3448898689754 0.160691761838978 0.231665565499429 0.262752803686193
0.354906363267067 0.238920886643973 0.0440046983691117 0.362168051719849
0.320850910165291 0.172532541076441 0.239768232030596 0.266848316727673
0.209890552068244 0.203442378882987 0.229961371318204 0.356705697730565
