0.355841888083022 0.172610899675494 0.226969318272624 0.24457789396886
0.415026930976757 0.22460355465148 0.0479602901659391 0.312409224205823
0.343942698835741 0.188399845700659 0.247522794220788 0.220134661242811
0.281672410135055 0.174394220373949 0.26354699421936 0.280386375271635
0.247303375357529 0.257187502102171 0.259733811523131 0.235775311017169
0.372655702467341 0.256015253830994 0.0501336723073554 0.321195371394309
0.228415064837031 0.231013937939773 0.250087617609792 0.290483379613404
0.196241214150947 0.232401662651509 0.286720326037128 0.284636797160415
0.331454382022472 0.169437003745318 0.293951460674157 0.205157153558052
0.363090557477401 0.262862232370005 0.0462397708875646 0.327807439265029
0.334606903374348 0.214388375994569 0.242794800228222 0.208209920402861
0.220764485334815 0.209595436460537 0.283365374633897 0.28627470357075
0.287471433808332 0.178614159471496 0.201660933929226 0.332253472790946
0.326960289484832 0.26155777772696 0.038675474044479 0.372806458743729
0.262137853559544 0.19498556771201 0.252955782998891 0.289920795729555
0.21978492706416 0.208889217469521 0.19641088476496 0.374914970701359
0.353678664750222 0.178904172274886 0.250248337769821 0.217168825205071
0.452260147601476 0.216066336799732 0.0586308775019568 0.273042638096835
0.309406447448258 0.220984613506048 0.252721422448935 0.216887516596758
0.232133503103512 0.216684574580545 0.264059290183939 0.287122632132004
0.23390046823656 0.220201085448561 0.293867792537963 0.252030653776916
0.358281631705504 0.253171317150884 0.0615888320224229 0.326958219121189
0.237676552092572 0.232931652924968 0.285265022224444 0.244126772758015
0.164995611871522 0.263402612273684 0.291935947191895 0.279665828662899
0.269503567772396 0.188366158876648 0.325059972191239 0.217070301159717
0.289363099960333 0.312329556723522 0.107103455969853 0.291203887346291
0.240568818155025 0.238766262473159 0.304379289293082 0.216285630078734
0.170876166205943 0.205041681064271 0.362360703178991 0.261721449550795
0.273310057772543 0.207619144471152 0.233273845613062 0.285796952143244
0.292300955989212 0.273656551964725 0.0424573205559434 0.391585171490119
0.254537736341149 0.210245476333627 0.256964291106956 0.278252496218267
0.176562286214345 0.266102445470479 0.21966147431688 0.337673793998297
0.345941878457723 0.166915789619869 0.276491393746076 0.210650938176332
0.403672504696685 0.22976952707667 0.0517190309882479 0.314838937238397
0.34586722216469 0.185201500800586 0.264786948451802 0.204144328582922
0.246994132223893 0.191857936791734 0.29898771201362 0.262160218970753
0.244653862108725 0.195669935259727 0.309557337812049 0.2501188648195
0.347670530887729 0.240293227718235 0.0590667281192388 0.352969513274797
0.204182613111384 0.256421927445225 0.274065197735914 0.265330261707477
0.188624545648077 0.229136277980588 0.317492450464799 0.264746725906536
0.328192639271804 0.161546540632795 0.300034571791169 0.210226248304232
0.336749642543593 0.250006019975907 0.0655917050589274 0.347652632421573
0.32691369907645 0.196509909476343 0.253128187546449 0.223448203900758
0.214740756117814 0.206025619108094 0.302022175548283 0.27721144922581
0.271604429511705 0.19160316746918 0.241882684132648 0.294909718886466
0.32016682520338 0.251895958064424 0.0420611319384832 0.385876084793713
0.234614288611348 0.16925375169578 0.24522733947777 0.350904620215102
0.189805892907013 0.226556326573738 0.221469888375152 0.362167892144097
0.373043657417724 0.160888285280601 0.211068877218506 0.254999180083169
0.419050158470083 0.226521728209478 0.0407674833946153 0.313660629925824
0.319530624306127 0.211417351103845 0.230006793740921 0.239045230849107
0.289428145263509 0.177149934985012 0.229729903810608 0.303692015940871
0.248535655102275 0.207501527835599 0.286713183993927 0.257249633068199
0.320317451557276 0.268970945534868 0.0400428022603027 0.370668800647553
0.263405643162151 0.201560718554089 0.276057061288617 0.258976576995143
0.173740591167357 0.260789430453099 0.270914314940279 0.294555663439265
0.304002116541078 0.181219174008258 0.282844044138379 0.231934665312286
0.318241398501995 0.261563487782772 0.0472007566356002 0.372994357079633
0.286874252464782 0.209504823257078 0.26395735778639 0.23966356649175
0.208683508876816 0.190140869916073 0.332091341412214 0.269084279794897
0.304720315374507 0.177371668856767 0.207941130091984 0.309966885676741
0.288159799434298 0.274559816421463 0.0322869630097156 0.404993421134523
0.257680395513918 0.194055428377226 0.238858136313795 0.309406039795061
0.210159802803596 0.224226343798456 0.209077742967203 0.356536110430744
