0.385955123618276 0.169654826467663 0.193117720866196 0.251272329047864
0.44352519528089 0.221860117050958 0.0468992285592164 0.287715459108935
0.367047905255709 0.184269991367191 0.23528768494558 0.213394418431521
0.306876587556001 0.172648026331839 0.266422513605532 0.254052872506628
0.331000610473412 0.200780731677068 0.236376027539937 0.231842630309583
0.40357289939116 0.259127589239006 0.0483754994824305 0.288924011887404
0.268981766245139 0.223663222860479 0.223183661554821 0.284171349339561
0.204149030857597 0.262859466347354 0.260677535234265 0.272313967560784
0.380835196154848 0.165998247523417 0.246380497468588 0.206786058853147
0.399401286612867 0.257153232619531 0.0398044679598023 0.3036410128078
0.363942437763301 0.211113067452257 0.225781331638474 0.199163163145968
0.243445922112896 0.209909272910885 0.27266284731338 0.273981957662839
0.346405457952956 0.166910186126794 0.187735970356863 0.298948385563387
0.35756679359285 0.262292433730896 0.0388310203396587 0.341309752336596
0.288454200723997 0.182303554357373 0.253776426661635 0.275465818256995
0.24523316488102 0.22326129419916 0.191802074403469 0.339703466516351
0.393900200103 0.177024978148543 0.217580234488741 0.211494587259716
0.578606414119076 0.157522810811083 0.0489054212927785 0.214965353777062
0.348566844813046 0.208705719147492 0.232363757940488 0.210363678098974
0.284297081424632 0.182103571767874 0.260241587599256 0.273357759208238
0.268603505518252 0.223265248673218 0.257611710451147 0.250519535357382
0.404757254632476 0.232507504792217 0.055772963458594 0.306962277116713
0.268361755833282 0.230400788031768 0.238453487656221 0.262783968478729
0.200429893988989 0.238250558535051 0.29358449610613 0.26773505136983
0.302198917860086 0.18454904864852 0.285966819153638 0.227285214337757
0.336708531729622 0.299360799650271 0.0806857520942377 0.283244916525869
0.279237995482963 0.211002367625719 0.276903101917013 0.232856534974305
0.208374481532688 0.183582103590004 0.351673673617185 0.256369741260122
0.304507559369994 0.193010067467231 0.212543994013306 0.289938379149469
0.374794777114611 0.247640554215392 0.0444407565241615 0.333123912145836
0.2848294687258 0.198615013408257 0.246750337606482 0.269805180259461
0.201307934274043 0.241294829108316 0.229860087830433 0.327537148787207
0.378116583740357 0.160202674944082 0.262137216414845 0.199543524900717
0.445173341436602 0.217079426932049 0.0498136546041166 0.287933577027232
0.411285332300979 0.173185289366307 0.241924008718724 0.17360536961399
0.264525014318358 0.192967177010327 0.302362381393811 0.240145427277505
0.276305548856686 0.197915068072699 0.292163144279043 0.233616238791573
0.388615455730351 0.232415658816041 0.0528231184262375 0.326145767027371
0.248784266471576 0.234442914317683 0.258854413220295 0.257918405990446
0.210200206586463 0.235598189330417 0.309067019078867 0.245134585004253
0.352012980961098 0.166674632401263 0.289812144081021 0.191500242556618
0.378103443447742 0.243503747748084 0.0569956408509208 0.321397167953254
0.351653187460135 0.201561796956507 0.236960989687459 0.209824025895899
0.239190197164037 0.219252714465873 0.292047307065301 0.249509781304789
0.291099633081657 0.209426020037149 0.237726103559897 0.261748243321297
0.359361509096567 0.241283643710856 0.0463550181230086 0.352999829069569
0.280456746016336 0.181630486841935 0.261879797548315 0.276032969593414
0.208548368725605 0.250757603710293 0.207013108268749 0.333680919295352
0.409068206391982 0.14942617057361 0.181508202659758 0.259997420374649
0.466971333610303 0.214248777943763 0.0403786827427096 0.278401205703224
0.34048661058247 0.210853504480087 0.206211109677066 0.242448775260377
0.351771622441937 0.158226607539329 0.216565949828878 0.273435820189855
0.275613970674921 0.203369049343335 0.258740092765066 0.262276887216678
0.364221207081658 0.259712018188325 0.0386775572069132 0.337389217523104
0.307758007117438 0.199601423487544 0.22176512455516 0.270875444839858
0.206640887817645 0.232964888024665 0.263424840853807 0.296969383303882
0.349924092414256 0.17395982292789 0.239459179347058 0.236656905310796
0.355945722086448 0.25173785444766 0.0436309347294796 0.348685488736413
0.313142797751871 0.217304418621864 0.231307193350729 0.238245590275536
0.256618281441567 0.17730072914961 0.301135073623608 0.264945915785215
0.327619358916418 0.164917008676858 0.191469562621635 0.315994069785088
0.322720100258193 0.255716314247651 0.0379250485757264 0.38363853691843
0.271510812303192 0.198587461011536 0.228826838986972 0.3010748876983
0.221301491720268 0.214486109210346 0.197941308725488 0.366271090343897
0.325245030140825 0.198768038133352 0.244189906658455 0.231797025067368
0.419622113429375 0.241724673583718 0.0464500672533027 0.292203145733604
0.310802064624695 0.199537239292591 0.259215572059609 0.230445124023106
0.255036226471467 0.181791529728115 0.288682028682402 0.274490215118016
0.187549105066275 0.357192695120569 0.241398551376115 0.213859648437042
0.370062535926962 0.265070912918159 0.054097565865244 0.310768985289635
0.194188876581444 0.270452336279585 0.253611230417976 0.281747556720995
0.177186332718609 0.228377921087528 0.320337229465967 0.274098516727896
0.311141223703588 0.173393658064046 0.315962349304828 0.199502768927538
0.356216506399691 0.271679993470023 0.0527232828201965 0.319380217310089
0.312411006033071 0.219558233262275 0.258745757782771 0.209285002921883
0.205557111646406 0.217146698464272 0.316664132461567 0.260632057427755
0.248649178332528 0.210317303410964 0.22762398075928 0.313409537497228
0.310017492410432 0.27109365351756 0.0413255892398635 0.377563264832145
0.246320639489183 0.208940513477888 0.259024561318644 0.285714285714286
0.189562334512605 0.21577331286296 0.214987595398616 0.379676757225819
0.322899723711459 0.19408718777614 0.274967308400088 0.208045780112313
0.35503957232351 0.287058751481485 0.0663813568785956 0.291520319316409
0.278059190690936 0.239580789937663 0.274325204809395 0.208034814562005
0.186532782043709 0.255477062413861 0.269898798976176 0.288091356566253
0.227899632305946 0.237002503928837 0.314204720620192 0.220893143145025
0.360918185666484 0.261692700079345 0.071554836088415 0.305834278165756
0.23044609795291 0.233528959686998 0.314382030322085 0.221642912038007
0.155376227114197 0.273759370240709 0.310892554573205 0.25997184807189
0.253823177348443 0.207251451520881 0.36464218192395 0.174283189206726
0.252593615540008 0.371129549526929 0.101678859608076 0.274597975324987
0.242519010787517 0.242174629324547 0.335055240648182 0.180251119239755
0.165173358361253 0.233883729305584 0.367310189782934 0.233632722550229
0.272849309016407 0.207938361302006 0.263231613622075 0.255980716059512
0.2659895201584 0.327759100614698 0.0486537984479607 0.357597580778942
0.246009826398464 0.219428334657331 0.279009621967667 0.255552216976537
0.164667956897306 0.28447290156994 0.229835603192388 0.321023538340366
0.277898841610276 0.186558091524257 0.287727950453034 0.247815116412433
0.3462478070535 0.237018576511289 0.0699119542227542 0.346821662212458
0.279999239803869 0.202468736934129 0.30378387624007 0.213748147021932
0.2082423931185 0.207900029956777 0.319824253576982 0.264033323347741
0.173666312893933 0.26861097273062 0.326680239987871 0.231042474387576
0.315848639967881 0.277707517815919 0.100010037137408 0.306433805078792
0.125576642335766 0.414919708029197 0.260116788321168 0.199386861313869
0.148127788915476 0.261829312983681 0.362025480178491 0.228017417922352
0.279947815896251 0.162445134827361 0.354476003051443 0.203131046224944
0.283485451283251 0.294741065159975 0.111040531354128 0.310732952202646
0.286166270451685 0.217670605509719 0.293997343028947 0.202165781009649
0.207254715934993 0.199159694927367 0.325833836448541 0.267751752689099
0.262540038436899 0.196588725176169 0.248238308776425 0.292632927610506
0.294781645696292 0.276488718694544 0.0568935381002575 0.371836097508906
0.219648122591495 0.209738844520863 0.27792734704343 0.292685685844212
0.177726878144185 0.253124575110079 0.214541955591813 0.354606591153923
0.330194311323378 0.182592126138798 0.252475915536728 0.234737647001096
0.400973470635611 0.249075418384965 0.0417509542113245 0.308200156768099
0.306571300635268 0.21613959135001 0.259657726300767 0.217631381713955
0.245872289246307 0.211626344480944 0.25935676466613 0.283144601606619
0.227774592230796 0.227934867462056 0.326574600520894 0.217715939786254
0.303457234802634 0.291165008414278 0.0473295739718343 0.358048182811254
0.249029828032263 0.213219068634911 0.310027012631259 0.227724090701567
0.149126202368456 0.312669988243394 0.291218052532109 0.246985756856042
0.282545181010212 0.186008672355572 0.322092703174867 0.209353443459349
0.296458862253505 0.301774200470787 0.0497941544485419 0.351972782827166
0.285379471514 0.222801213272598 0.281907774011787 0.209911541201615
0.212943799354383 0.233640496620871 0.308362064876282 0.245053639148464
0.279122921231006 0.205364539138602 0.248895992518346 0.266616547112045
0.276406098112884 0.305548340103956 0.0335902331647149 0.384455328618445
0.25507351141611 0.213047769859266 0.262765831576115 0.269112887148509
0.203956158917071 0.267396648327486 0.224959214041127 0.303687978714317
0.324014528077483 0.171479314556344 0.270462242465293 0.234043914900879
0.389952285411547 0.210742750457348 0.0535367858019789 0.345768178329127
0.345592750612748 0.190114860282692 0.264705960880222 0.199586428224338
0.250211719902021 0.177723734896875 0.272053498945346 0.300011046255758
0.239278164211675 0.221955128205128 0.319094380796508 0.219672326786688
0.361686051218393 0.24788239139104 0.048465876892355 0.341965680498211
0.241382981554923 0.213648824891539 0.285206675361316 0.259761518192223
0.193078116894062 0.224668976733699 0.296974220790165 0.285278685582073
0.292475231406112 0.172074282524769 0.352248941811247 0.183201544257872
0.353635107058097 0.256489554989525 0.0527944641009815 0.337080873851397
0.336866168229413 0.222501721326052 0.252448994791184 0.188183115653352
0.195273334924803 0.2024941355656 0.278279003056016 0.323953526453581
0.278781521027382 0.183934465662626 0.240626656510448 0.296657356799544
0.30706395432244 0.276042234527874 0.0418156256276361 0.37507818552205
0.255537529384498 0.202842248930386 0.29834416743002 0.243276054255096
0.21113290519852 0.212865465145094 0.204448373913737 0.371553255742649
0.337191238803165 0.166076462113461 0.274457645167352 0.222274653916021
0.417027933311048 0.217185671903727 0.0726328764833696 0.293153518301855
0.308954524917469 0.222636294979569 0.263720190883877 0.204688989219084
0.223024201877982 0.225546040427138 0.282699533061038 0.268730224633843
0.212106701592877 0.214188646962631 0.312530282841742 0.26117436860275
0.338486126112296 0.257989615829555 0.068272905210178 0.335251352847971
0.240957689440717 0.254408508839269 0.289476319214979 0.215157482505034
0.152037137359661 0.273465842222264 0.29899310679793 0.275503913620145
0.239810470144448 0.201429140981998 0.343745208084154 0.215015180789401
0.296781359469785 0.263789378608307 0.173455064751187 0.265974197170721
0.220289656589174 0.260976249985734 0.30517798244713 0.213556110977962
0.133790433930868 0.189456789832069 0.423569397075658 0.253183379161405
0.262422762422762 0.214055785484357 0.238555095697953 0.284966356394928
0.310081891005054 0.277279764146938 0.0463932902068287 0.36624505464118
0.246836138331063 0.211890846772422 0.278722716401233 0.262550298495282
0.168327269915452 0.268585837440049 0.232578753708303 0.330508138936196
0.330899070113246 0.165516879114722 0.307358281164136 0.196225769607896
0.400127588737145 0.241676614572496 0.0567359186936666 0.301459877996693
0.31045821443251 0.187608189314174 0.317273312541342 0.184660283711974
0.224907771209465 0.202469816510479 0.30951413894191 0.263108273338146
0.222467179905131 0.179658870367222 0.357298794300043 0.240575155427604
0.357457859920746 0.229740397114003 0.0695923082185653 0.343209434746686
0.203777365863434 0.216542257401934 0.32581533991283 0.253865036821803
0.18934806956502 0.223653016322423 0.327996755603312 0.259002158509245
0.307711048046723 0.164525623382695 0.324680818842059 0.203082509728523
0.349178877840792 0.239096204244039 0.075767243291499 0.335957674623669
0.332801382221768 0.200249804241991 0.261766758587819 0.205182054948422
0.206993067737351 0.199479296108716 0.312656386102659 0.280871250051274
0.261526250402614 0.193737634012792 0.26592336538904 0.278812750195555
0.327290514444848 0.264886730906003 0.0433810576983672 0.364441696950782
0.248223048114232 0.170102618332212 0.325979394517068 0.255694939036488
0.191100516487882 0.212641677045529 0.238265189966654 0.357992616499935
0.336934733611471 0.181642929074953 0.244307773461852 0.237114563851724
0.385228391633647 0.229526181479955 0.0418215455062707 0.343423881380128
0.329317658204681 0.217993023706479 0.230551428632948 0.222137889455892
0.262727304889266 0.182604542559966 0.270506085049176 0.284162067501592
0.228714272157086 0.229986800217408 0.294402601996359 0.246896325629147
0.303244237660354 0.274026084405561 0.0402836000537371 0.382446077880347
0.227022149302707 0.21552091878589 0.303954060705496 0.253502871205906
0.168613630418502 0.265128087520201 0.277408292632235 0.288849989429062
0.26145039604855 0.200719814474596 0.310531051411017 0.227298738065837
0.317280897584031 0.240297695915177 0.064838003021922 0.37758340347887
0.268622805024506 0.204065550831106 0.284181029352895 0.243130614791493
0.164503704152131 0.16419597070983 0.46099604739095 0.210304277747089
0.275250521147477 0.200406336306784 0.236257050040739 0.288086092505
0.302177085597434 0.272554881808383 0.0360762778401253 0.389191754754058
0.254373780654985 0.180228540094217 0.25929761195315 0.306100067297648
0.185309859955866 0.222973507150614 0.240832358974572 0.350884273918947
0.369473422752111 0.152228405273976 0.220356672454732 0.25794149951918
0.385242153947803 0.226278163197886 0.0449104724149323 0.343569210439379
0.337824881970964 0.179766681168528 0.231181821111487 0.251226615749021
0.291221864415264 0.167747317838253 0.227440642050289 0.313590175696194
0.241820876535165 0.202849415793558 0.265296442195988 0.290033265475289
0.34682486707943 0.246812207977536 0.0483951711280411 0.357967753814993
0.222676918650191 0.181226721230238 0.241939351311604 0.354157008807967
0.212488480317205 0.205904318502847 0.267171348390573 0.314435852789375
0.339044404495481 0.164412112572218 0.252405236225906 0.244138246706394
0.334239374488206 0.263927411046834 0.0363024011411364 0.365530813323824
0.320365404607149 0.197681366405316 0.228968103607411 0.252985125380124
0.239037232922234 0.206421567480284 0.256099787039854 0.298441412557628
0.262124602536395 0.162221126974007 0.17136978689534 0.404284483594259
0.329496216775529 0.238324186545413 0.0325537935940521 0.399625803085006
0.253483595276761 0.187586014698192 0.203725812666869 0.355204577358179
0.227175759311202 0.185739852530603 0.177766352768142 0.409318035390052
0.347086760288729 0.176541540203494 0.247487773042507 0.228883926465269
0.389686466314212 0.228729750360465 0.0548961955651051 0.326687587760218
0.2985351929903 0.214395347949597 0.244413940884282 0.24265551817582
0.224235903554319 0.211414727384511 0.247974482435369 0.316374886625801
0.226356687792369 0.206048903556698 0.292548556379621 0.275045852271313
0.3366409898908 0.257766483072775 0.0539607827626101 0.351631744273815
0.215152487251247 0.213515337219721 0.28822690014491 0.283105275384122
0.157863114366588 0.265263939007678 0.27257679395343 0.304296152672304
0.27665641795949 0.162379421221865 0.307249982397259 0.253714178421386
0.266549960842125 0.312310928886227 0.0660462830730486 0.3550928271986
0.217829544181879 0.242557957218054 0.295520215029679 0.244092283570389
0.166547106647537 0.216857962697274 0.3081181252989 0.308476805356289
0.257614444009178 0.21398091667133 0.223903827858302 0.30450081146119
0.253889715102207 0.245805266380894 0.0343696964395066 0.465935322077392
0.245552211897245 0.210070814796211 0.231106711036165 0.313270262270379
0.173313631478879 0.267502273290899 0.198484128296272 0.360699966933951
0.323704128985356 0.174994123834882 0.26514669862273 0.236155048557032
0.363476966873706 0.235213940648723 0.0476470841959972 0.353662008281574
0.300412942546884 0.196549335041046 0.24121530978972 0.261822412622351
0.24899604484642 0.180351295830995 0.283434697836041 0.287217961486545
0.236740452225779 0.195023973879398 0.288575128867636 0.279660445027188
0.304394193778153 0.249511777989112 0.0497771202924244 0.39631690794031
0.188054559440105 0.263425890816117 0.239775521922364 0.308744027821414
0.173701218474244 0.223372301812611 0.311526360007248 0.291400119705897
0.32391931074705 0.152860969144487 0.284104007098178 0.239115713010285
0.2946116244671 0.257286361733841 0.059597694727532 0.388504319071527
0.307038442749239 0.185599939874488 0.255034384277179 0.252327233099094
0.199792166293483 0.199923098213857 0.299819181360598 0.300465554132062
0.264068112899463 0.175830806313661 0.231492107923179 0.328608972863696
0.28817329690209 0.249879455446391 0.0361086508243196 0.425838596827199
0.202158927576193 0.156136028081703 0.192732197158585 0.448972847183519
0.176046106335877 0.212902431041583 0.223805825852447 0.387245636770093
0.387339207036162 0.145211555182149 0.193273945015331 0.274175292766358
0.406971839424805 0.217950868783703 0.0392881965248652 0.335789095266627
0.301108106284992 0.202968849969236 0.229756772612339 0.266166271133433
0.263542237174973 0.171813423708712 0.198533459068217 0.366110880048098
0.259183156834248 0.178484459470747 0.266437160028836 0.295895223666169
0.316197540324539 0.252189586042772 0.0341605102828249 0.397452363349864
0.270343103527361 0.179338103756708 0.260183019127563 0.290135773588368
0.177509391438447 0.230056627606942 0.254126333254976 0.338307647699635
0.317010799434802 0.166670596020037 0.259106276434725 0.257212328110437
0.307685560702188 0.237708992035018 0.0334888461008341 0.42111660116196
0.277621799884982 0.190114526414361 0.257083045646011 0.275180628054646
0.20388166201848 0.184027545586976 0.251647188863233 0.360443603531311
0.316216373262906 0.160104912115595 0.184008650008488 0.339670064613011
0.269228632716023 0.262447334911506 0.0258838761505132 0.442440156221958
0.252767502319136 0.184947948280404 0.218035434107906 0.344249115292555
0.217973330321937 0.204184765292583 0.190983691407169 0.386858212978311
