0.334153225274653 0.184792213444469 0.175026047505374 0.306028513775503
0.338063648233386 0.172909275549635 0.180354246073091 0.308672830143888
0.319902931828073 0.18349313532833 0.19856112261451 0.298042810229086
0.321920789206441 0.192184429526661 0.18328871186843 0.302606069398467
0.328732706434723 0.160683433786582 0.164363056064782 0.346220803713913
0.346339501206758 0.153917676694407 0.1721443361513 0.327598485947536
0.346781319652348 0.184937288157947 0.162364981601889 0.305916410587816
0.371509963995094 0.158738113764953 0.163472824868444 0.30627909737151
0.349564116429052 0.163875077483086 0.175896495786239 0.310664310301624
0.319751262809438 0.192909803094048 0.170086912941983 0.317252021154531
0.3016103293196 0.191768988301703 0.183717341703705 0.322903340674993
0.284379409941574 0.200222887514343 0.210417683288712 0.304980019255371
0.296354668108621 0.220414649908339 0.198363293459768 0.284867388523271
0.325211347480316 0.198290756103029 0.189269746646796 0.287228149769859
0.332840958548198 0.183275523258114 0.187199134827163 0.296684383366525
0.349735568363162 0.176701001015523 0.159562401909711 0.314001028711605
0.319217124091634 0.156166334753307 0.122040805560318 0.40257573559474
0.35768170607863 0.149024702267122 0.139331073684766 0.353962517969482
0.31837964733656 0.18427785764214 0.174993075979584 0.322349419041716
0.31718607810295 0.198106115558604 0.157788533822191 0.326919272516255
0.304518417894307 0.183611832821176 0.197578571145958 0.31429117813856
0.302091713596138 0.229323556176886 0.191650290808857 0.276934439418119
0.322098835445709 0.201634068818169 0.195217809899371 0.281049285836751
0.285751025414452 0.208736135473405 0.200011869749285 0.305500969362858
0.260514619574535 0.232271210582541 0.187363992456115 0.319850177386809
0.362376851351173 0.176846075729 0.16515437268375 0.295622700236076
0.388318847843003 0.150712844387587 0.168451525262783 0.292516782506627
0.357708083299263 0.181376363372591 0.17180143228308 0.289114121045066
0.317575142107276 0.183334872004537 0.183770096144969 0.315319889743218
0.340246363240705 0.179259591416852 0.198277567492713 0.282216477849729
0.300561834799467 0.19232290993498 0.208670192421825 0.298445062843728
0.303206151167851 0.177650580958284 0.188201469211189 0.330941798662675
0.309015734012107 0.196319058860768 0.214288540416496 0.280376666710629
0.326398322408768 0.20016353876792 0.230319296255754 0.243118842567559
0.315827651240389 0.191261226804532 0.200816374978568 0.292094746976511
0.312273320760191 0.192909803094048 0.206540231855769 0.288276644289991
0.33893409651425 0.178725452699049 0.15261200427311 0.329728446513591
0.3276512403888 0.133785263046833 0.139746514909724 0.398816981654643
0.3282645107685 0.152552655526687 0.16730411616528 0.351878717539533
0.30771006159081 0.186401223903037 0.179226619891062 0.32666209461509
0.31156113580312 0.185741793387231 0.201047175659101 0.301649895150548
0.307215488703955 0.19014019492766 0.228222307215489 0.274422009152896
0.320634899700619 0.210193476913338 0.208327288553605 0.260844334832439
0.326523614206771 0.19873257454862 0.199609617134643 0.275134194109967
0.316922305896628 0.18792450839455 0.183901982248131 0.311251203460691
0.303938119040397 0.20234625377524 0.127817416878783 0.36589821030558
0.338558221120241 0.16212099231104 0.175289819711697 0.324030966857022
0.354549411128549 0.16433667884415 0.158757896680427 0.322356013346874
0.339870487846696 0.165859963335663 0.148035556493412 0.346233992324229
0.379034066180447 0.139713543383934 0.181442306424172 0.299810084011448
0.375037917254659 0.156944462761959 0.165029080885747 0.302988539097635
0.275437532147238 0.209942893317331 0.154755153449481 0.35986442108595
0.294897326668689 0.184917505242473 0.16556321960355 0.354621948485288
0.299876027063028 0.195606873903697 0.186585864447463 0.317931234585812
0.260244253063055 0.225808791527637 0.174142410614194 0.339804544795115
0.365667409625048 0.143432731493083 0.173331311079752 0.317568547802118
0.263383142318294 0.180439972040146 0.215970088231803 0.340206797409757
0.365218996874299 0.220823496828139 0.152381203592577 0.261576302704984
0.431504952323174 0.102337021748018 0.1534626696385 0.312695356290308
0.346847262703929 0.136106458462472 0.146393574509054 0.370652704324545
0.31350645582475 0.211024359363254 0.131114569457816 0.34435461535418
0.341209131793783 0.159575590520027 0.193061472112683 0.306153805573507
0.29939464278649 0.129050551943342 0.254065389129947 0.317489416140221
0.432342429078248 0.149875367632513 0.195283752950952 0.222498450338288
0.365561900742519 0.142344671142002 0.111826226870475 0.380267201245005
0.354885720691611 0.13911346161455 0.135011803806233 0.370989013887607
0.296163433259037 0.235113356105667 0.199945926697704 0.268777283937591
0.379047254790763 0.140148767524366 0.189190614984899 0.291613362699972
0.331489125990794 0.12541049549609 0.144705432388589 0.398394946124527
0.294541234190153 0.194466059111351 0.13917940466613 0.371813302032365
0.568963243343049 0.0868733761523548 0.173159859145642 0.171003521358954
0.322006515173496 0.202642997507353 0.218165991849439 0.257184495469712
0.366293868615064 0.197235667277739 0.189995120214183 0.246475343893014
0.33068462076151 0.16931537923849 0.16931537923849 0.33068462076151
0.246475343893014 0.189995120214183 0.197235667277739 0.366293868615064
0.257184495469712 0.218165991849439 0.202642997507353 0.322006515173496
0.171003521358954 0.173159859145642 0.0868733761523548 0.568963243343049
0.371813302032365 0.13917940466613 0.194466059111351 0.294541234190153
0.398394946124527 0.144705432388589 0.12541049549609 0.331489125990794
0.291613362699972 0.189190614984899 0.140148767524366 0.379047254790763
0.268777283937591 0.199945926697704 0.235113356105667 0.296163433259037
0.370989013887607 0.135011803806233 0.13911346161455 0.354885720691611
0.380267201245005 0.111826226870475 0.142344671142002 0.365561900742519
0.222498450338288 0.195283752950952 0.149875367632513 0.432342429078248
0.317489416140221 0.254065389129947 0.129050551943342 0.29939464278649
0.306153805573507 0.193061472112683 0.159575590520027 0.341209131793783
0.34435461535418 0.131114569457816 0.211024359363254 0.31350645582475
0.370652704324545 0.146393574509054 0.136106458462472 0.346847262703929
0.312695356290308 0.1534626696385 0.102337021748018 0.431504952323174
0.261576302704984 0.152381203592577 0.220823496828139 0.365218996874299
0.340206797409757 0.215970088231803 0.180439972040146 0.263383142318294
0.317568547802118 0.173331311079752 0.143432731493083 0.365667409625048
0.339804544795115 0.174142410614194 0.225808791527637 0.260244253063055
0.317931234585812 0.186585864447463 0.195606873903697 0.299876027063028
0.354621948485288 0.16556321960355 0.184917505242473 0.294897326668689
0.35986442108595 0.154755153449481 0.209942893317331 0.275437532147238
0.302988539097635 0.165029080885747 0.156944462761959 0.375037917254659
0.299810084011448 0.181442306424172 0.139713543383934 0.379034066180447
0.346233992324229 0.148035556493412 0.165859963335663 0.339870487846696
0.322356013346874 0.158757896680427 0.16433667884415 0.354549411128549
0.324030966857022 0.175289819711697 0.16212099231104 0.338558221120241
0.36589821030558 0.127817416878783 0.20234625377524 0.303938119040397
0.311251203460691 0.183901982248131 0.18792450839455 0.316922305896628
0.275134194109967 0.199609617134643 0.19873257454862 0.326523614206771
0.260844334832439 0.208327288553605 0.210193476913338 0.320634899700619
0.274422009152896 0.228222307215489 0.19014019492766 0.307215488703955
0.301649895150548 0.201047175659101 0.185741793387231 0.31156113580312
0.32666209461509 0.179226619891062 0.186401223903037 0.30771006159081
0.351878717539533 0.16730411616528 0.152552655526687 0.3282645107685
0.398816981654643 0.139746514909724 0.133785263046833 0.3276512403888
0.329728446513591 0.15261200427311 0.178725452699049 0.33893409651425
0.288276644289991 0.206540231855769 0.192909803094048 0.312273320760191
0.292094746976511 0.200816374978568 0.191261226804532 0.315827651240389
0.243118842567559 0.230319296255754 0.20016353876792 0.326398322408768
0.280376666710629 0.214288540416496 0.196319058860768 0.309015734012107
0.330941798662675 0.188201469211189 0.177650580958284 0.303206151167851
0.298445062843728 0.208670192421825 0.19232290993498 0.300561834799467
0.282216477849729 0.198277567492713 0.179259591416852 0.340246363240705
0.315319889743218 0.183770096144969 0.183334872004537 0.317575142107276
0.289114121045066 0.17180143228308 0.181376363372591 0.357708083299263
0.292516782506627 0.168451525262783 0.150712844387587 0.388318847843003
0.295622700236076 0.16515437268375 0.176846075729 0.362376851351173
0.319850177386809 0.187363992456115 0.232271210582541 0.260514619574535
0.305500969362858 0.200011869749285 0.208736135473405 0.285751025414452
0.281049285836751 0.195217809899371 0.201634068818169 0.322098835445709
0.276934439418119 0.191650290808857 0.229323556176886 0.302091713596138
0.31429117813856 0.197578571145958 0.183611832821176 0.304518417894307
0.326919272516255 0.157788533822191 0.198106115558604 0.31718607810295
0.322349419041716 0.174993075979584 0.18427785764214 0.31837964733656
0.353962517969482 0.139331073684766 0.149024702267122 0.35768170607863
0.40257573559474 0.122040805560318 0.156166334753307 0.319217124091634
0.314001028711605 0.159562401909711 0.176701001015523 0.349735568363162
0.296684383366525 0.187199134827163 0.183275523258114 0.332840958548198
0.287228149769859 0.189269746646796 0.198290756103029 0.325211347480316
0.284867388523271 0.198363293459768 0.220414649908339 0.296354668108621
0.304980019255371 0.210417683288712 0.200222887514343 0.284379409941574
0.322903340674993 0.183717341703705 0.191768988301703 0.3016103293196
0.317252021154531 0.170086912941983 0.192909803094048 0.319751262809438
0.310664310301624 0.175896495786239 0.163875077483086 0.349564116429052
0.30627909737151 0.163472824868444 0.158738113764953 0.371509963995094
0.305916410587816 0.162364981601889 0.184937288157947 0.346781319652348
0.327598485947536 0.1721443361513 0.153917676694407 0.346339501206758
0.346220803713913 0.164363056064782 0.160683433786582 0.328732706434723
0.302606069398467 0.18328871186843 0.192184429526661 0.321920789206441
0.298042810229086 0.19856112261451 0.18349313532833 0.319902931828073
0.308672830143888 0.180354246073091 0.172909275549635 0.338063648233386
0.306028513775503 0.175026047505374 0.184792213444469 0.334153225274653
