0.347850526811303 0.183114347820067 0.19813366192698 0.270901463441649
0.312957724944576 0.208974849017659 0.184741227734883 0.293326198302882
0.285029435657764 0.232807469736934 0.193548225335727 0.288614869269574
0.283762766600295 0.184198969095994 0.208990856588111 0.3230474077156
0.353942632043649 0.178225532589255 0.18125919721084 0.286572638156256
0.367747024569056 0.172741263175804 0.161025141328136 0.298486570927004
0.312773672687466 0.199139641488779 0.178075396825397 0.310011288998358
0.244424906082647 0.198140636240109 0.19998401406762 0.357450443609624
0.35925767810954 0.161367117852389 0.199206448858642 0.280168755179428
0.335295285641346 0.170356555284507 0.165123106597833 0.329225052476315
0.322339435308719 0.186340366118523 0.173262488364877 0.318057710207881
0.298965921247007 0.163664612093118 0.200509398400489 0.336860068259386
0.310939357907253 0.208940027198872 0.174186703881179 0.305933911012695
0.324193596843486 0.208077550897784 0.1831218642659 0.28460698799283
0.292984234438069 0.213957318949445 0.215183629880355 0.27787481673213
0.240833062190138 0.197235993845509 0.215545052969432 0.346385890994921
