0.35255716300889 0.175278023816553 0.196625988255749 0.275538824918807
0.337705729488925 0.186718846677391 0.203409231530751 0.272166192302933
0.297573142586832 0.220008314101002 0.21059044451771 0.271828098794455
0.299377671611768 0.168196295365016 0.219155980219596 0.313270052803621
0.359102452716701 0.182015638575152 0.177922208113346 0.280959700594801
0.385119314502067 0.166766302994072 0.178523389627858 0.269590992876003
0.356078564172028 0.196015351619822 0.17623320916582 0.27167287504233
0.268608758942678 0.179261862917399 0.215494132893078 0.336635245246845
0.370041508752933 0.160169644468507 0.206731636888648 0.263057209889912
0.36662703131193 0.16512529176025 0.18007662835249 0.288171048575329
0.35897571837557 0.183172516170077 0.170952178984201 0.286899586470152
0.315076037521319 0.159820920977828 0.212514212620807 0.312588828880045
0.315269646342044 0.198153172449902 0.166964158217907 0.319613022990147
0.335001466490688 0.207435107787066 0.190368822407978 0.267194603314269
0.306435137895812 0.206559981840881 0.214358675032832 0.272646205230475
0.253639036845575 0.185577798474273 0.209206684735405 0.351576479944747
0.33873076669088 0.204384864293733 0.192841576966255 0.264042792049132
0.28583711114585 0.248580063571466 0.153926319628993 0.311656505653692
0.262045711932462 0.258673942139401 0.166838258004736 0.312442087923402
0.255894332029792 0.225939928927256 0.178736592727214 0.339429146315738
0.355685698232269 0.193088991658383 0.165514111596145 0.285711198513204
0.362932771569885 0.19609818648104 0.145631067961165 0.29533797398791
0.313857825508646 0.210059608847726 0.16843194246022 0.307650623183408
0.208709027262119 0.229792086559881 0.171899862098228 0.389599024079771
0.336732687175165 0.174743643770192 0.19676920915859 0.291754459896053
0.320435202246205 0.181144160744055 0.139642011055541 0.358778625954198
0.275885928927989 0.212721791133297 0.157168981367074 0.35422329857164
0.284146685472496 0.178251057827927 0.166657263751763 0.370944992947814
0.293747509281205 0.238144178534723 0.173815466577176 0.294292845606896
0.301555767692665 0.22219355504528 0.180706416574215 0.29554426068784
0.284779764500654 0.245555527051641 0.196480336574228 0.273184371873477
0.20779779664907 0.238839798026165 0.209447440899702 0.343914964425063
0.340925768716097 0.164333299759709 0.239571792399891 0.255169139124304
0.334630970994607 0.176680813044449 0.201633747088293 0.287054468872651
0.305716502845318 0.208949818934299 0.224133471288153 0.26120020693223
0.284155414714797 0.165132727105722 0.255791310737577 0.294920547441903
0.355705572076668 0.159977425166598 0.207775293581367 0.276541709175367
0.369220945083014 0.15338441890166 0.183226905065986 0.29416773094934
0.313349706166126 0.195026752039295 0.187001140250855 0.304622401543724
0.262431973913235 0.177980478991782 0.221429043558728 0.338158503536255
0.370501999111506 0.137667209635224 0.212547509748754 0.279283281504517
0.34732678320786 0.158096210284548 0.175619922589426 0.318957083918166
0.331897539293406 0.165101040186959 0.196215002520277 0.306786417999358
0.322798702918434 0.138114242953355 0.237989523571963 0.301097530556248
0.330062055501325 0.181756379863338 0.197915214056617 0.29026635057872
0.340490014674919 0.177949339628661 0.198430421744401 0.283130223952019
0.29248497775928 0.191712405379393 0.232422027417215 0.283380589444112
0.253117940147928 0.176724538111596 0.239454708631201 0.330702813109275
0.354905956479985 0.191577073524934 0.169653104724428 0.283863865270653
0.291444966092853 0.225021735350374 0.175152147452617 0.308381151104156
0.269745649263722 0.249142402945114 0.164616800535475 0.316495147255689
0.289665574081991 0.183696736497079 0.187283264452995 0.339354424967935
0.346075182724779 0.178269624086376 0.176002409905982 0.299652783282863
0.352464451484565 0.177877649254648 0.137085881283922 0.332572017976866
0.267729552523186 0.200201742833926 0.178514388186836 0.353554316456051
0.231713233312371 0.212361872248675 0.182930554307789 0.372994340131165
0.355301359648427 0.169329377607844 0.185432564928369 0.289936697815361
0.304325225791081 0.176864265448008 0.158194537696823 0.360615971064088
0.309237034323759 0.186873801469479 0.170756932623731 0.33313223158303
0.279112754158965 0.174634893673711 0.182694709496928 0.363557642670397
0.304759788037947 0.221495666007697 0.163826078819002 0.309918467135354
0.320400017168119 0.21477316623031 0.171480893314448 0.293345923287123
0.286580802709835 0.21514566675857 0.216090958026442 0.282182572505153
0.247111299568632 0.193210636614941 0.20913620314271 0.350541860673718
