0.399222511642592 0.157332859736364 0.170376509590339 0.273068119030705
0.370156283451081 0.179155070291872 0.159209305644758 0.291479340612289
0.34473535505745 0.187191561499341 0.188095686569976 0.279977396873234
0.248066191204671 0.177996595634656 0.199607851586908 0.374329361573765
0.367122432659112 0.170785464900817 0.191460726754959 0.270631375685112
0.364856619890177 0.186928004881025 0.169730018303844 0.278485356924954
0.323364895989471 0.198881292728403 0.206997404306657 0.270756406975469
0.240963855421687 0.186512005468683 0.21757241732889 0.35495172178074
0.368277852210657 0.180686385653921 0.174502731114088 0.276533031021334
0.353444248805203 0.191419023320996 0.16489992453915 0.290236803334651
0.345287905957362 0.201036062960749 0.189745633260278 0.263930397821611
0.23716814159292 0.199115044247788 0.199756637168142 0.36396017699115
0.379693164826611 0.158599782880318 0.164703713565884 0.297003338727187
0.356468933337908 0.154904449857618 0.140872130922565 0.347754485881909
0.348190517303403 0.175264407511332 0.168321461975682 0.308223613209583
0.2450971846945 0.157761701385862 0.176544931578489 0.420596182341149
0.413246680306495 0.138063144381594 0.16640590524331 0.2822842700686
0.391341813705375 0.152933935166188 0.154452195322117 0.301272055806319
0.367658857509628 0.166880616174583 0.171413671373556 0.294046854942234
0.251780748866796 0.163295623357331 0.186169199710509 0.398754428065364
0.429708323813876 0.158460894067474 0.145495392582439 0.266335389536212
0.379069568197395 0.180474640164496 0.159227210418095 0.281228581220014
0.373601961084725 0.183506971043358 0.169105255094224 0.273785812777693
0.229821665794453 0.215792439917878 0.17815305341975 0.37623284086792
0.451122815690898 0.141088779448955 0.149036907455648 0.258751497404499
0.392612664004564 0.160724472333143 0.157658300057045 0.289004563605248
0.391918781725888 0.173522842639594 0.162030456852792 0.272527918781726
0.257641074276846 0.169720222442557 0.18414019054188 0.388498512738716
0.423048934168723 0.148612910668962 0.164285333948634 0.264052821213681
0.381973001038422 0.164652128764278 0.172004153686397 0.281370716510903
0.368007098777881 0.1786794659783 0.190134312104223 0.263179123139596
0.233761760210123 0.17410493229133 0.184417317918577 0.407715989579969
0.386169430139777 0.173617791862373 0.160224850508366 0.279987927489484
0.349762613663797 0.196065019715136 0.166975134787157 0.28719723183391
0.353263110544664 0.198110732091315 0.178280916144994 0.270345241219028
0.210192299528802 0.210022498620368 0.178206053402386 0.401579148448444
0.343396848964778 0.179679122329456 0.178173719376392 0.298750309329374
0.348771234234542 0.189971630720853 0.161431452302013 0.299825682742592
0.317374786788649 0.207706621181579 0.178826174600713 0.296092417429059
0.222351547398832 0.196516533992892 0.205495396254651 0.375636522353626
0.316171487287117 0.18834306202313 0.208565619466124 0.286919831223629
0.328874982808417 0.195261999724935 0.184947049924357 0.290915967542291
0.295373793202455 0.219502566127122 0.196712486092668 0.288411154577755
0.221993056973657 0.20330814784562 0.23508270369614 0.339616091484582
0.336834539046559 0.19646169541829 0.195209608606937 0.271494156928214
0.338602384245538 0.205130738325759 0.186162155041823 0.27010472238688
0.31079217849085 0.247837803960892 0.184225369766859 0.257144647781399
0.22089855573813 0.233870967741935 0.219082418057598 0.326148058462337
0.363007297970808 0.179067283730865 0.189947490210039 0.267977928088288
0.37316022496111 0.182242431494555 0.165340433169798 0.279256910374536
0.324092540885521 0.226864778619864 0.174112485041883 0.274930195452732
0.249548632007777 0.210823572982732 0.217651960557382 0.321975834452109
0.389375506893755 0.157887266828873 0.182826439578264 0.269910786699108
0.363182921557543 0.175539520500116 0.171083696338909 0.290193861603432
0.335063577773907 0.203692736457063 0.17571851593799 0.28552516983104
0.24639577594123 0.203925619834711 0.210858585858586 0.338820018365473
0.44487588406601 0.137310062008439 0.144025992035977 0.273788061889573
0.358145056842711 0.187652899697798 0.163296877248525 0.290905166210966
0.364869148673876 0.196858159275827 0.156387587615794 0.281885104434504
0.228230430724097 0.201426856914255 0.176712450548962 0.393630261812686
0.41765493316239 0.133279285054394 0.116555742001169 0.332510039782047
0.306093510951901 0.185081532893018 0.126273368409269 0.382551587745811
0.319586776859504 0.19995867768595 0.134132231404959 0.346322314049587
0.216757664846703 0.143154136917262 0.119655606887862 0.520432591348173
0.449050835553903 0.118754002189585 0.136084774121584 0.296110388134928
0.394722398142284 0.181465062275702 0.119020477095208 0.304792062486806
0.345434900054025 0.191085899513776 0.161480280929227 0.301998919502971
0.274552840201795 0.147710148725676 0.143091135425539 0.434645875646989
0.394218715433965 0.149325270997714 0.164368409409336 0.292087604158985
0.351340589328378 0.202327227678966 0.153791699849571 0.292540483143085
0.310950217679349 0.215313268975961 0.199365890592466 0.274370622752224
0.230774962742176 0.199795081967213 0.1850782414307 0.384351713859911
0.378303371717339 0.188343964874493 0.154109021622069 0.279243641786099
0.34739516244454 0.187669958494347 0.127951910691284 0.33698296836983
0.319894498869631 0.216201959306707 0.162622456669179 0.301281085154484
0.238064067422166 0.203902957902058 0.175878574643047 0.382154400032729
0.361869322079704 0.180196661330894 0.199259921418623 0.258674095170779
0.325711432850724 0.167848227658512 0.160592444666334 0.34584789482443
0.316702185449835 0.204128536208265 0.198069449667795 0.281099828674105
0.230137759938684 0.186591097037052 0.218136711107525 0.365134431916739
0.339656143086051 0.205621237711663 0.193257113160972 0.261465506041315
0.344561353108055 0.206629080331813 0.181886738248285 0.266922828311847
0.328383113632571 0.240046721174704 0.198231269814784 0.233338895377941
0.224341221886539 0.258811681772407 0.191675058744545 0.325172037596509
0.353647356703191 0.185380014842625 0.200986597983149 0.259986030471035
0.359239771126254 0.191264843727537 0.164869605221542 0.284625779924667
0.323229890593821 0.228067157503612 0.191219982109681 0.257482969792885
0.256125145836806 0.20967165884902 0.21683849615467 0.317364699159504
0.319050933508025 0.19472649852604 0.206989027186374 0.279233540779561
0.318541530412034 0.19002616088947 0.169293655984303 0.322138652714192
0.281048400716047 0.237781605701354 0.195494308778329 0.285675684804269
0.227318583863172 0.2180512868639 0.217206672453839 0.337423456819088
0.298043197341702 0.210194757245708 0.188896067934281 0.302865977478309
0.28834065135673 0.219667056259279 0.176832927946426 0.315159364437565
0.278400474714841 0.245533065207358 0.182105887782686 0.293960572295114
0.19468606332693 0.252854460296562 0.19658543955451 0.355874036821998
0.433572097496773 0.143359740818548 0.157381862360475 0.265686299324205
0.392607732924544 0.171776528700392 0.155112700845966 0.280503037529098
0.388689470720721 0.195030968468468 0.138267173423423 0.278012387387387
0.266992392850516 0.197167419135383 0.194549240315831 0.34129094769827
0.444810393769561 0.125300240192154 0.165132105684548 0.264757260353738
0.435964356287983 0.158756198501174 0.148204764923008 0.257074680287834
0.402587032896838 0.156499520919834 0.176580964548068 0.26433248163526
0.282559721633618 0.173845158700065 0.180112863292664 0.363482256373653
0.426405162166752 0.146527424010868 0.173323144846324 0.253744268976057
0.370636101146207 0.215941902178668 0.140125995275177 0.273296001399947
0.354744011272898 0.190151870987944 0.194770627837796 0.260333489901362
0.261530138406744 0.204792389883233 0.1728957215635 0.360781750146522
0.388530452735585 0.150549329007521 0.176135525733668 0.284784692523227
0.319543405554748 0.219136251272357 0.158644757888614 0.302675585284281
0.301849861836045 0.209740558796438 0.204482652747928 0.283926926619589
0.237878027642202 0.185763809697578 0.196688409433016 0.379669753227204
0.391242058054068 0.16957352269424 0.190772808438188 0.248411610813504
0.355871246178745 0.174644848048912 0.176946592339507 0.292537313432836
0.360625740016505 0.198665279322593 0.234186071543899 0.206522909117003
0.267900460058553 0.180405687996654 0.197323295692179 0.354370556252614
0.353759689922481 0.178003875968992 0.207441860465116 0.260794573643411
0.316401221171884 0.182991871114871 0.197704785375363 0.302902122337882
0.334475075654285 0.20072495094942 0.194572844268564 0.270227129127731
0.202523364485981 0.209626168224299 0.227032710280374 0.360817757009346
0.333728226054144 0.164494756702207 0.19974990127682 0.302027115966829
0.328099286889742 0.166346681294569 0.163603949533736 0.341950082281953
0.331026637595981 0.198533826271053 0.172749391727494 0.297690144405473
0.236958971299795 0.183601776363757 0.203243410441661 0.376195841894788
0.349803188134745 0.180044799164909 0.213230976665289 0.256921036035056
0.357569684148016 0.177188880228631 0.185910997290576 0.279330438332777
0.309603055039765 0.246470237886697 0.192586623690572 0.251340083382966
0.245233019187471 0.192990495925402 0.242842057024448 0.318934427862679
0.365227039945374 0.174654318880164 0.235148514851485 0.224970126322977
0.371632968361658 0.17689930812118 0.207026264526097 0.244441458991066
0.326994676759285 0.243792116680513 0.215422012985015 0.213791193575187
0.251452223607159 0.211236800639684 0.252698666541238 0.284612309211919
0.333616161616162 0.183656565656566 0.204383838383838 0.278343434343434
0.350034588398063 0.180452613894654 0.170767862437 0.298744935270284
0.317234468937876 0.2044947036931 0.200944746636129 0.277326080732894
0.262428466816739 0.197851970383228 0.220661224268395 0.319058338531637
0.332901851890515 0.176253210013153 0.245192809570537 0.245652128525795
0.345571758541042 0.178232840348881 0.178094942600062 0.298100458510015
0.364164696611505 0.19165353296559 0.173167848699764 0.271013921723142
0.232470991918371 0.221409544448959 0.206329856878414 0.339789606754255
0.425060179906246 0.130643185945352 0.150513112884835 0.293783521263567
0.332809242232628 0.19889257271764 0.155244898656732 0.313053286393
0.361224620099604 0.220182607585238 0.14525603371217 0.273336738602988
0.23374276630298 0.187630092179602 0.158420823898076 0.420206317619342
0.39121806968736 0.113149549619657 0.136962315908251 0.358670064784732
0.34745074891168 0.153471556113038 0.123146166900317 0.375931528074965
0.347230623001815 0.168366024367061 0.158990754342003 0.325412598289121
0.242495750424957 0.128347165283472 0.142725727427257 0.486431356864314
0.418454417387804 0.12885892533709 0.168726101831354 0.283960555443751
0.336158888177024 0.181903306884826 0.12631215809965 0.3556256468385
0.363387591413069 0.159424392545412 0.188487850908233 0.288700165133286
0.239195132436097 0.159783075956483 0.172481068747727 0.428540722859694
0.393789044452926 0.160637165297391 0.175200369604082 0.270373420645602
0.326014608635519 0.195833513420063 0.170592557375632 0.307559320568786
0.340506029794278 0.204973595018523 0.210766926775439 0.24375344841176
0.203864028183794 0.197530170152163 0.17174499662694 0.426860805037104
0.362233746196374 0.169202417177388 0.198795697081387 0.269768139544851
0.356986204457022 0.173505482844004 0.185143261407853 0.284365051291121
0.349790302406004 0.206165845044515 0.205650798322419 0.238393054227062
0.216915623738393 0.197113443681873 0.209729511505854 0.37624142107388
0.347153439153439 0.177417989417989 0.232613756613757 0.242814814814815
0.340894568690096 0.172630457933972 0.206709265175719 0.279765708200213
0.334065789905218 0.207503853596143 0.219212226558657 0.239218129939982
0.227315452379391 0.202505082300479 0.242944892561261 0.327234572758869
0.368311476465412 0.183018179476723 0.212380073404735 0.23629027065313
0.343378298713458 0.198148212366058 0.188195720775393 0.270277768145091
0.340488847798451 0.235149659077776 0.200450710736161 0.223910782387611
0.234970445480321 0.228218559277236 0.224301984718151 0.312509010524292
0.361247069469008 0.179986015711759 0.212437790482458 0.246329124336775
0.351464960160612 0.189629211368342 0.163561076604555 0.295344751866491
0.332964076594398 0.223896186105396 0.198987181516063 0.244152555784143
0.258575798174878 0.209029550797543 0.213402765489522 0.318991885538057
0.37123124457279 0.162725418526222 0.193077404632565 0.272965932268422
0.331486396814864 0.18586595885866 0.146914399469144 0.335733244857332
0.316486638258514 0.214712780365342 0.185214547616688 0.283586033759456
0.242247040214734 0.199899343335091 0.198796913195609 0.359056703254566
0.402159665439111 0.161205084992614 0.125210661007428 0.311424588560847
0.281744500192976 0.216729237570612 0.122381670818568 0.379144591417845
0.342834606145352 0.207127747301997 0.128966333225772 0.32107131332688
0.194330868800712 0.232739444526831 0.133105946655933 0.439823740016524
0.45919208573784 0.104069944027422 0.171106868572916 0.265631101661822
0.347953597497393 0.194049791449426 0.164070646506778 0.293925964546403
0.321365934179305 0.190498297740638 0.185546270504488 0.30258949757557
0.239142187781582 0.182789691836367 0.181402054424221 0.39666606595783
0.451737301339981 0.135205671548769 0.158129479588657 0.254927547522593
0.363347974621767 0.179884496502359 0.145640149666504 0.31112737920937
0.385217227760015 0.181041940944141 0.183374083129584 0.250366748166259
0.231985511080361 0.177977656132354 0.1526830955821 0.437353737205185
0.41404898733471 0.131469806022057 0.148803213747698 0.305677992895535
0.346292729898893 0.191181190820093 0.120446156315198 0.342079922965816
0.368925990530775 0.190049007392641 0.16413323365728 0.276891768419304
0.240677480720846 0.178881911346575 0.153353652300203 0.427086955632377
0.481287468715441 0.113594474516423 0.168635896241973 0.236482160526163
0.384178095806003 0.145497912939773 0.175392566090241 0.294931425163983
0.393417067521824 0.174906467129877 0.213923035809727 0.217753429538571
0.270015997562276 0.147558467281176 0.183038775043803 0.399386760112745
0.456281966528652 0.143592776869281 0.165704046484117 0.23442121011795
0.358565361019349 0.14624823029731 0.149126946672959 0.346059462010382
0.419071153426848 0.158114688567483 0.180354676938731 0.242459481066938
0.253321016978974 0.178125274918624 0.162333949151051 0.40621975895135
0.309550601308109 0.198554750685702 0.164128982347563 0.327765665658626
0.295214888879553 0.224635550140739 0.123009704659077 0.357139856320632
0.291461904191138 0.218426625114867 0.165088497343082 0.325022973350913
0.214232861806311 0.211817192600653 0.153993471164309 0.419956474428727
0.287704682562482 0.184118548309873 0.173441539787417 0.354735229340228
0.350722361809045 0.19428391959799 0.120257537688442 0.334736180904523
0.273571641600273 0.220442247880363 0.171573431042563 0.334412679476801
0.276994961062758 0.164800732936326 0.183398992212552 0.374805313788365
0.296760056346846 0.189365650783713 0.189991726851955 0.323882566017485
0.352183990016046 0.198645034765555 0.140203244785167 0.308967730433232
0.281162883313421 0.224093986459578 0.194743130227001 0.3
0.283915953886203 0.185924135366307 0.204146522870956 0.326013387876534
0.27868419895334 0.201086239500418 0.172984739874225 0.347244821672017
0.294040315512708 0.229319759994607 0.150846086428909 0.325793838063777
0.256661248144745 0.25256201851721 0.169764647678281 0.321012085659764
0.224157955865273 0.231271777003484 0.192156130744981 0.352414136386262
0.427080166210601 0.121161447248404 0.150603020168238 0.301155366372758
0.418180225427787 0.112246685744321 0.16390235355954 0.305670735268353
0.348112528870546 0.186134565143312 0.14762788232176 0.318125023664382
0.292705644926552 0.159354200221217 0.210195408767198 0.337744746085033
0.317933459561807 0.176665765034713 0.207068794518078 0.298331980885403
0.299393215040912 0.163188379148662 0.185988783671968 0.351429622138457
0.268563603164942 0.192140900791236 0.227137857577602 0.31215763846622
0.181474637154544 0.186208758123793 0.233674549947053 0.39864205477461
0.499649509313038 0.145103144402163 0.136566192669738 0.218681153615061
0.321859241394431 0.297303222977417 0.14580135935102 0.235036176277132
0.366397997191183 0.243359589668437 0.173658179153691 0.216584233986689
0.283366282901113 0.224580377563283 0.154630383377912 0.337422956157693
0.455251232238612 0.0826728293642913 0.151732355968007 0.31034358242909
0.475515079128098 0.126664676022693 0.114840250821141 0.282979994028068
0.437107870710917 0.125784258578166 0.199039418458743 0.238068452252174
0.357877489286615 0.0956390219309302 0.161961179732796 0.38452230904966
0.428062776020416 0.113571417656138 0.14832133742875 0.310044468894696
0.352789588970494 0.178842932611777 0.124017523515011 0.344349954902719
0.331772287862513 0.155832438238453 0.199613319011815 0.312781954887218
0.240204968158239 0.143562059803467 0.124963097296613 0.491269874741681
0.423528069808559 0.167867531035532 0.12087222676375 0.28773217239216
0.284164123431672 0.245410066366323 0.138109770866638 0.332316039335368
0.343512137999369 0.223393235148403 0.17704814664685 0.256046480205378
0.209460781697533 0.233904395936738 0.120012097276334 0.436622725089395
0.380734041434431 0.149563571353455 0.166978651803555 0.30272373540856
0.360923634545682 0.147669041369829 0.171322334708161 0.320084989376328
0.358945992155285 0.167001910892085 0.164839585638137 0.309212511314493
0.28636807536909 0.173180399440859 0.240890029297436 0.299561495892614
0.306207243071928 0.127797317667066 0.257952305492212 0.308043133768794
0.361127179571936 0.112263449301711 0.235600363606314 0.29100900752004
0.324385245901639 0.158777322404372 0.232821038251366 0.284016393442623
0.243850958432048 0.120482446693948 0.272754684471247 0.362911910402757
0.485761480013214 0.122079066182139 0.188965972910472 0.203193480894175
0.477443416951924 0.144689112553007 0.165636335768661 0.212231134726409
0.458150580052425 0.17411954011056 0.169707508240118 0.198022371596896
0.342935471141664 0.158819497808885 0.233774325531164 0.264470705518287
0.409541530671385 0.136366409419516 0.112954885153891 0.341137174755208
0.394351326382473 0.118032642646606 0.0868417579516959 0.400774273019225
0.350643211668974 0.161393794104737 0.113650943714758 0.374312050511531
0.273767188240872 0.153656946420104 0.124911095305832 0.447664770033191
0.422229838200545 0.129637980483053 0.123378848824835 0.324753332491567
0.349715132706471 0.112881560053731 0.139561813886702 0.397841493353096
0.447438240669772 0.143446730735216 0.126053888332056 0.283061140262956
0.264838994953961 0.156791343702856 0.147150115313253 0.431219546029929
0.329877369007804 0.181456707543664 0.256224451876626 0.232441471571906
0.352244182188729 0.257642542300583 0.158206550073463 0.231906725437225
0.32680568442643 0.252722566782243 0.179616154710163 0.240855594081164
0.231719455405069 0.271586505989833 0.169172798691835 0.327521239913263
0.36569074919292 0.126817321607481 0.198909050428587 0.308582878771012
0.405782875732675 0.14995653027456 0.140926045376784 0.30333454861598
0.372147473948028 0.164193378182298 0.171778129534362 0.291881018335312
0.375472253569501 0.128403905598351 0.233673519454394 0.262450321377754
0.367180432816088 0.107003687982743 0.165941827291072 0.359874051910097
0.302361686112157 0.163718479488145 0.0995954083552879 0.434324426044411
0.331857944446381 0.140452375143763 0.164953124455442 0.362736555954414
0.298835500282646 0.12119841718485 0.125675522894291 0.454290559638214
0.348225652450668 0.169716740929344 0.158577339274348 0.32348026734564
0.345775721570895 0.238946427632617 0.114978182009358 0.30029966878713
0.305189775367932 0.230692121930104 0.178338725110493 0.28577937759147
0.229865271938826 0.187907577212089 0.116455360985137 0.465771789863948
0.630347668405382 0.0864357832053549 0.126441156059012 0.156775392330251
0.555046960295663 0.0899535482995965 0.142508391821788 0.212491099582952
0.533990241129376 0.119001373821593 0.198730399355725 0.148277985693306
0.540638799723341 0.0736162590668062 0.216645680742015 0.169099260467838
0.322875620045431 0.209100180798294 0.225951508970377 0.242072690185898
0.392426197161721 0.168399483949306 0.156940122941489 0.282234195947484
0.316693321148427 0.216091691417257 0.230180488919351 0.237034498514965
0.288683246577983 0.184962406015038 0.21122035858878 0.315133988818199
0.398861448990457 0.177683581111521 0.175287709382807 0.248167260515215
0.389288387075782 0.202095467412879 0.162040803045586 0.246575342465753
0.366639465651162 0.218545047904011 0.211321667120017 0.20349381932481
0.307071069633884 0.199825658906779 0.212362834581069 0.280740436878269
0.315283528352835 0.16988298829883 0.171197119711971 0.343636363636364
0.372647343964163 0.170561294420486 0.124026343061545 0.332765018553806
0.355509283359361 0.155613395800798 0.171577303487767 0.317300017352074
0.300829320492242 0.178063135366506 0.201043338683788 0.320064205457464
0.238564307078764 0.182313060817547 0.198484546360917 0.380638085742772
0.292651583005569 0.192530861793684 0.144476030998092 0.370341524202656
0.259200124615445 0.174617391642977 0.198683749367187 0.367498734374392
0.224227318045862 0.204267198404786 0.222273180458624 0.349232303090728
0.292937399678973 0.180123060460139 0.202728731942215 0.324210807918673
0.287454450806871 0.242651396841923 0.172826652785008 0.297067499566198
0.260555611272691 0.241734362985993 0.207635476214355 0.290074549526962
0.215607560756076 0.218379837983798 0.215373537353735 0.350639063906391
0.209542611014255 0.159599015485591 0.0953491949543637 0.53550917854579
0.165563514371203 0.182700154139088 0.06250188895941 0.589234442530299
0.156086291608369 0.184654931181466 0.0722025184654931 0.587056258744672
0.153315313101528 0.170311668100094 0.105889339394684 0.570483679403694
0.367649893965683 0.120686331212647 0.241642567958357 0.270021206863312
0.465158784555632 0.15973650140888 0.160041124057574 0.215063589977915
0.31501859300296 0.19063519769295 0.201335660620779 0.293010548683312
0.353309999536415 0.130638357053451 0.189722312363822 0.326329331046312
0.499068934328835 0.111231312181886 0.101299945022789 0.28839980846649
0.333317542280544 0.185418541854185 0.10360509735184 0.37765881851343
0.38493879903706 0.17166785338894 0.15410436374733 0.289288983826671
0.310909131612528 0.149947390807943 0.147238577089257 0.391904900490273
0.332533350988116 0.172266543083187 0.152802145056109 0.342397960872588
0.253246457374584 0.215655898300451 0.0964596527999271 0.434637991525038
0.281793806845066 0.211871089848063 0.182955680563588 0.323379422743284
0.262889879057925 0.189409611712285 0.127844525779758 0.419855983450032
0.241899378179763 0.200135669869983 0.244567552289429 0.313397399660825
0.331962499564354 0.181542536507162 0.175129822604816 0.311365141323668
0.246236356793376 0.234239744072262 0.251552502822732 0.26797139631163
0.266247999443323 0.196315496485979 0.251704822211398 0.2857316818593
0.452063196114028 0.120995044404102 0.120038270938619 0.306903488543251
0.313876797256299 0.121290067273447 0.110077826144308 0.454755309325946
0.428527357882043 0.145132792999972 0.152452533864318 0.273887315253667
0.290259378826673 0.148992541467216 0.165468106423244 0.395279973282868
0.442003483701255 0.0853329067576695 0.152660765703317 0.320002843837759
0.414416174244274 0.104409825658055 0.147140694437662 0.334033305660009
0.428551116166643 0.115313521967866 0.115503104412531 0.34063225745296
0.283779264214047 0.141007060572278 0.140282422891119 0.434931252322557
0.261943158369315 0.192234996271827 0.157970486743311 0.387851358615547
0.248511290607865 0.198455279759448 0.116384647131655 0.436648782501032
0.240168604381861 0.221409050905554 0.124276251794896 0.41414609291769
0.166633597287108 0.187323003661682 0.161691228196757 0.484352170854453
0.377370791844476 0.226114272166904 0.123103366524419 0.273411569464201
0.380051997163791 0.220785359759598 0.109464159097815 0.289698483978796
0.336412828296159 0.29514759579429 0.124587567638907 0.243852008270644
0.25183784278437 0.269240154958363 0.142528139584541 0.336393862672727
0.349955346943862 0.172713867370039 0.146275104363538 0.331055681322561
0.328670421219278 0.176922478004723 0.147984739560354 0.346422361215645
0.285801869922853 0.237521074950186 0.138813671894957 0.337863383232003
0.249355797819623 0.209184010571523 0.192489813897148 0.348970377711706
0.336937325005384 0.13243592504846 0.220633211285807 0.309993538660349
0.429644808743169 0.111953551912568 0.187260928961749 0.271140710382514
0.373688124948351 0.137220064457483 0.195273117924139 0.293818692670027
0.289007846017083 0.137943029412901 0.22322498357361 0.349824140996406
0.469965340941731 0.108860080807307 0.131359745705915 0.289814832545047
0.339233631700694 0.197676757517852 0.143367193000101 0.319722417781354
0.410823647044119 0.154980627421572 0.158292713410824 0.275903012123485
0.247639078767483 0.160416447575981 0.123377852560732 0.468566621095804
0.414456245218907 0.129512017220829 0.0950881500062265 0.360943587554037
0.266900869251903 0.209251002116831 0.0866999954961041 0.437148133135162
0.32979702562612 0.175701206220026 0.134476578016761 0.360025190137092
0.216554818349461 0.146803292713066 0.104104484705614 0.532537404231859
0.321665049976804 0.116022099447514 0.199843954282822 0.36246889629286
0.276047261009667 0.197636949516649 0.165241675617615 0.361074113856069
0.244427264527767 0.187282566679552 0.273289524545806 0.295000644246875
0.216950136768594 0.154372774645089 0.243356408258072 0.385320680328245
0.438845475170154 0.17882530879758 0.162137635492816 0.22019158053945
0.345203582709532 0.246116567868115 0.172645060793562 0.236034788628791
0.345983875783816 0.238011346670648 0.242938190504628 0.173066587040908
0.263960857240869 0.216675393142795 0.159026486359615 0.360337263256721
0.37211691281932 0.159049501880064 0.148176144512928 0.320657440787688
0.343591622397264 0.182298345240276 0.123526897478171 0.350583134884289
0.327705912446101 0.184572096762406 0.129723013958927 0.357998976832566
0.218806328860405 0.176747446424995 0.163053274584418 0.441392950130182
0.361391997674467 0.174456510454517 0.217354290816221 0.246797201054795
0.412051125989044 0.148318624467438 0.213519476567255 0.226110772976263
0.377493794244737 0.225981428702767 0.176703135055622 0.219821641996874
0.272004327833378 0.165792083671445 0.258245424217834 0.303958164277342
0.329730463974541 0.176275396347971 0.187549725418664 0.306444414258824
0.350800802695846 0.18189390784143 0.169436977017152 0.297868312445572
0.325614670326461 0.208695906091222 0.198650937335747 0.267038486246569
0.273842099929056 0.184022499239891 0.221014492753623 0.32112090807743
0.363634478181517 0.156234444997511 0.179712128753941 0.300418948067032
0.387977948971659 0.172803731712489 0.138949749098876 0.300268570216976
0.337052518034113 0.189678419739769 0.187790736870491 0.285478325355626
0.335744755706056 0.155239896213554 0.217181934121993 0.291833413958397
0.380345853477129 0.145946448493864 0.198177761249535 0.275529936779472
0.398606133014735 0.160374352847471 0.152489048187973 0.288530465949821
0.320698876805135 0.184489213763594 0.220574077375646 0.274237832055625
0.338013997272097 0.143572658363705 0.249692551930774 0.268720792433424
0.353586807146129 0.149060925332112 0.155767292716445 0.341584974805314
0.301478420178092 0.176047036768779 0.124749691108176 0.397724851944953
0.305684673366834 0.171702261306533 0.167933417085427 0.354679648241206
0.235660250885761 0.17463851383702 0.16822273293115 0.421478502346069
0.401958650707291 0.145201305767138 0.159586507072905 0.293253536452666
0.294897918414639 0.198289983619002 0.126253545886771 0.380558552079588
0.340251228836701 0.182792085031299 0.13019367306642 0.34676301306558
0.202510725086152 0.202756874604403 0.133588859976088 0.461143540333357
0.461225477258731 0.107526172253013 0.163169701768277 0.268078648719979
0.34926230103932 0.17454030089396 0.160331419434552 0.315865978632168
0.365644171779141 0.185323265691364 0.172722982538933 0.276309579990562
0.246651125569744 0.153665495285481 0.168122194774016 0.43156118437076
0.397634646149158 0.126971128209035 0.162375257103679 0.313018968538128
0.333912346338856 0.17601995367896 0.133707464813825 0.356360235168359
0.347644603458557 0.181912144702842 0.189425561518585 0.281017690320016
0.22827542052267 0.172341540073337 0.167452418369129 0.431930621034864
0.439626076462045 0.136150714913985 0.156483318673676 0.267739889950294
0.311612260154498 0.202466982307501 0.148724977157571 0.33719578038043
0.350906756539881 0.193107045418071 0.177459476809501 0.278526721232547
0.212018077330804 0.190462906135506 0.166155219550298 0.431363796983392
0.447915182841212 0.11937079017521 0.183553448240777 0.249160578742801
0.37863456836562 0.135301861952229 0.189392514575889 0.296671055106263
0.412518301610542 0.150195217179112 0.24219131283553 0.195095168374817
0.258452789030851 0.121338423184793 0.207969772514802 0.412239015269554
0.374139484591818 0.161380428906109 0.1947377905929 0.269742295909173
0.324099865882596 0.185546270504488 0.179923656246776 0.310430207366141
0.357990093847758 0.188249478623566 0.201283889468196 0.25247653806048
0.199006378270491 0.207445654532043 0.174209224627934 0.419338742569532
0.317395080821134 0.181874033430079 0.214371967883397 0.28635891786539
0.297407765946004 0.201032591158438 0.158760890609874 0.342798752285684
0.292656398021122 0.228062173257079 0.196554506859408 0.282726921862391
0.210307304995527 0.199342529596571 0.207873000020806 0.382477165387096
0.302425346306859 0.184872741216508 0.225638690504721 0.287063221971912
0.278862352591418 0.207676807716447 0.172232682588445 0.34122815710369
0.27435301924353 0.234704711347047 0.20056403450564 0.290378234903782
0.206567176235384 0.212443708475535 0.226256588380218 0.354732526908863
0.328774741525317 0.195909906721606 0.197022169417832 0.278293182335246
0.295458142111094 0.219591707548663 0.171767684760247 0.313182465579997
0.297948428383211 0.255317146621494 0.179245874898049 0.267488550097246
0.201106403981409 0.242360054291943 0.203635914942623 0.352897626784025
0.35970012975155 0.175260704502859 0.189365178528521 0.27567398721707
0.321102507800763 0.193112215416619 0.168236449786201 0.317548826996417
0.321253944585082 0.219405624718244 0.168637514304539 0.290702916392135
0.22319761327295 0.218625914876264 0.206112768560452 0.352063703290335
0.407436553216604 0.141648632697226 0.175727370100772 0.275187443985398
0.34075628874094 0.183332786723951 0.171657210324358 0.304253714210751
0.346645367412141 0.198935037273695 0.174121405750799 0.280298189563365
0.227428571428571 0.201227513227513 0.213587301587302 0.357756613756614
0.459810254339927 0.124848607186112 0.143641501816714 0.271699636657247
0.337171657714664 0.196747847840483 0.145206386579354 0.320874107865499
0.372868765475769 0.183975946232756 0.160275910859568 0.282879377431907
0.233124758925127 0.185145502078601 0.161638023400334 0.420091715595937
0.485701971366464 0.114665317442471 0.135222247207855 0.26441046398321
0.411129502640498 0.157444628359738 0.101008906754946 0.330416962244818
0.41768595755716 0.146043134373514 0.159528028698621 0.276742879370705
0.290601209248137 0.154711447682944 0.13701464355302 0.417672699515899
0.402169240435171 0.124532918884958 0.168479878310902 0.304817962368969
0.336730360934183 0.173625855154518 0.157489974050484 0.332153809860816
0.316297866048987 0.192055591148785 0.205017002611995 0.286629540190232
0.244033004628698 0.161742805393439 0.189535117729926 0.404689072247937
0.367383261673833 0.171222877712229 0.183161683831617 0.278232176782322
0.299230968633889 0.1965782424609 0.196232610386244 0.307958178518967
0.302626724710396 0.25444551021914 0.214675717553309 0.228252047517155
0.19880936168557 0.220131904048559 0.189432112215716 0.391626622050155
0.344289668107688 0.188796633042842 0.19778585969487 0.269127839154601
0.291789043544886 0.168369301494062 0.164921465968586 0.374920188992466
0.335236011894589 0.199507810096729 0.176709847216051 0.288546330792631
0.217450061235694 0.234194856201698 0.211664343933443 0.336690738629165
0.265565036796244 0.218678044155492 0.204727075714479 0.311029843333785
0.267139479905437 0.230463619648017 0.170212765957447 0.332184134489099
0.251491019409108 0.246250904953977 0.188850967007964 0.313407108628952
0.20201682777627 0.231350606509802 0.22185105538969 0.344781510324237
0.328225434623417 0.188440780016815 0.197390903420032 0.285942881939736
0.307615230460922 0.20042943028915 0.176467220154595 0.315488119095334
0.295879039430774 0.260994169384327 0.173501992950555 0.269624798234345
0.216 0.214686868686869 0.223535353535354 0.345777777777778
0.376449283883258 0.168716634133722 0.176994896639308 0.277839185343712
0.375026923905351 0.169143665958953 0.154127819317517 0.301701590818179
0.325317391012293 0.236279975817828 0.160341237321153 0.278061395848727
0.26263229771253 0.188566917036531 0.205573574598839 0.3432272106521
0.339257606248381 0.187710454482058 0.198728805116659 0.274303134152902
0.322285674245875 0.191535577900011 0.167186350418667 0.318992397435448
0.308428905467097 0.233196006383847 0.180083880785362 0.278291207363694
0.233238370702216 0.227823326011787 0.2081203923189 0.330817910967097
0.341198824595126 0.179536466273392 0.181944720620402 0.29731998851108
0.307043321641862 0.184883243277404 0.169842323126995 0.33823111195374
0.30759736697751 0.206939111354909 0.170563631376851 0.31489989029073
0.190162783554912 0.220657276995305 0.188714843578606 0.400465095871177
0.395934579439252 0.134485981308411 0.190046728971963 0.279532710280374
0.313790695354328 0.217052974626717 0.163612783080044 0.305543546938911
0.317320778313164 0.203663515650863 0.178614779122375 0.300400926913598
0.24827519379845 0.194786821705426 0.191763565891473 0.365174418604651
0.348117942283563 0.154705144291092 0.174111250522794 0.323065662902551
0.309425567794482 0.191166445409207 0.156578522478562 0.34282946431775
0.292932925732782 0.196547383564107 0.216795540370437 0.293724150332674
0.216560774054234 0.163303018977617 0.182509032016943 0.437627174951206
0.365027596588058 0.151690005929845 0.142475938512065 0.340806458970031
0.294365980964077 0.190973288302119 0.122927540681609 0.391733190052195
0.330267558528428 0.176603169986913 0.179438708739276 0.313690562745383
0.21386963574694 0.167066066951777 0.156171656097921 0.462892641203362
0.367341418331004 0.149249357558271 0.155425814886615 0.327983409224111
0.316071708157194 0.173125097855018 0.155589478628464 0.355213715359324
0.340974713448246 0.171493568991163 0.186280514480707 0.301251203079885
0.215112922397691 0.171234505009339 0.198556631006962 0.415095941586008
0.369259250998149 0.176209488546383 0.22039569067428 0.234135569781188
0.376756627275631 0.156858831044395 0.218141168955605 0.248243372724369
0.356586257037396 0.206629133887625 0.225606800641289 0.21117780843369
0.235661256277749 0.200978964990174 0.251655870150666 0.311703908581411
0.339909703754097 0.183829138062548 0.20568165419424 0.270579503989115
0.320523648648649 0.194397522522523 0.197001689189189 0.28807713963964
0.332566854028275 0.21143473570658 0.197411003236246 0.258587407028899
0.228302412108633 0.213748766103926 0.231035966488648 0.326912855298793
0.310418510284691 0.182555956055341 0.212622218385099 0.29440331527487
0.305202083470693 0.19080899320894 0.170666578756511 0.333322344563856
0.293584357330132 0.222383675016584 0.183561297659285 0.300470669993998
0.223578549012368 0.192011260845486 0.224778475170759 0.359631714971386
0.312718485324825 0.175585951246979 0.232245501255191 0.279450062173005
0.307596176579863 0.187725875637518 0.193670415780052 0.311007532002567
0.287965990843689 0.216775670372793 0.217527795945062 0.277730542838456
0.220213724205699 0.192331313462168 0.255773010153947 0.331681952178185
0.369032596014191 0.166480154289388 0.17698040429534 0.287506845401081
0.314319135759994 0.204362485378105 0.174258583912475 0.307059794949425
0.354696799792979 0.206820207596538 0.165444664883982 0.273038327726502
0.233400270659624 0.214781507836033 0.20943379752914 0.342384423975204
0.379804464585431 0.141133769721383 0.218005203088285 0.261056562604901
0.360921074587018 0.15818454864008 0.161021191389955 0.319873185382947
0.332208137321794 0.175422846267102 0.181096707006141 0.311272309404963
0.247065956433242 0.164111558615911 0.211900740548266 0.376921744402581
0.376812763468404 0.161277960426794 0.189959458641764 0.271949817463039
0.359282938448038 0.180351844887385 0.149429610129121 0.310935606535456
0.331769013146946 0.190980196372109 0.174571476119155 0.302679314361791
0.241939172193003 0.176496268424007 0.201837723218926 0.379726836164065
0.422043120729861 0.118602462872806 0.135253446794583 0.324100969602749
0.374340617935192 0.158741522230595 0.130972117558402 0.33594574227581
0.383748389866896 0.162802347216259 0.163625304136253 0.289823958780593
0.256565321845746 0.136090630436584 0.164464418855107 0.442879628862563
0.494336810730253 0.104135618479881 0.134482116244411 0.267045454545455
0.413401476433844 0.141444255158054 0.133399583569941 0.31175468483816
0.3989912397133 0.156490576055216 0.19016016281745 0.254358021414034
0.30901113487206 0.117874787994986 0.172350859081189 0.400763218051766
0.405932647579113 0.137276420100898 0.167922426783725 0.288868505536264
0.30783360345759 0.175364667747164 0.182820097244733 0.333981631550513
0.287819294912392 0.204306523115896 0.209415241714165 0.298458940257547
0.213216004627048 0.159757080002479 0.169444960856004 0.45758195451447
0.371923561528769 0.168059638807224 0.169802603947921 0.290214195716086
0.328553719008264 0.183471074380165 0.187561983471074 0.300413223140496
0.338184260606739 0.208552557931266 0.19463412813911 0.258629053322885
0.193612247591395 0.195309112162748 0.187692075642452 0.423386564603405
0.328021513979642 0.182157621016135 0.193959194559275 0.295861670444948
0.323518016272762 0.177661935120285 0.181219400514247 0.317600648092705
0.319578356598072 0.210354007770902 0.18991941286516 0.280148222765866
0.212631495532619 0.190542227152961 0.216375775105494 0.380450502208927
0.319329660238751 0.189876033057851 0.214302112029385 0.276492194674013
0.327573593450618 0.182476920397143 0.192544852813099 0.29740463333914
0.302863033285672 0.226947760449573 0.202573737239384 0.267615469025372
0.218592862935929 0.197688564476886 0.252919708029197 0.330798864557989
0.349173649368085 0.189944909957872 0.189852321651775 0.271029119022268
0.336823560696716 0.195419492088818 0.187907193192395 0.279849754022072
0.323591001555582 0.236598061505325 0.186340792150293 0.2534701447888
0.227327340690637 0.220674617301531 0.22877358490566 0.323224457102172
0.359573640058808 0.173743838104298 0.182932629940327 0.283749891896567
0.360742040611682 0.171753572323891 0.168557282526949 0.298947104537478
0.327866693011921 0.201409471119015 0.187018375815056 0.283705460054008
0.252063624559451 0.190827304767205 0.221781673158969 0.335327397514376
0.369062691443741 0.155973044721258 0.179130079640596 0.295834184194405
0.354843340630944 0.16556006173061 0.169507949610595 0.310088648027851
0.325092834548205 0.184225003438317 0.191101636638702 0.299580525374777
0.233882075162327 0.178986030038696 0.223082136376555 0.364049758422422
0.39324091201962 0.149897117203251 0.148359071352857 0.308502899424272
0.325476818111335 0.184369669716235 0.160877655450457 0.329275856721972
0.338209659226852 0.18064053047134 0.166558430461086 0.314591379840722
0.204219252660233 0.194341334653139 0.179266683164233 0.422172729522395
0.401961200492423 0.138493865942183 0.143778919217218 0.315766014348177
0.321100573527758 0.176706526221089 0.155227349402107 0.346965550849046
0.325380220487648 0.17824092701376 0.159491429950913 0.336887422547678
0.204817686227906 0.172108728047837 0.17346688548092 0.449606700243337
0.388038493831945 0.144481043725376 0.174513983078215 0.292966479364464
0.344573064978018 0.160932521276167 0.178356794256443 0.316137619489372
