0.404125803178898 0.146432194792019 0.16976665539398 0.279675346635103
0.368995633187773 0.157205240174672 0.152110625909753 0.321688500727802
0.341118188251946 0.166312809624912 0.154281670205237 0.338287331917905
0.25343137254902 0.142647058823529 0.186764705882353 0.417156862745098
0.399173553719008 0.155371900826446 0.174380165289256 0.271074380165289
0.354198473282443 0.155725190839695 0.152671755725191 0.337404580152672
0.390651085141903 0.161936560934891 0.138564273789649 0.308848080133556
0.237747653806048 0.148070907194995 0.154327424400417 0.45985401459854
0.402597402597403 0.135642135642136 0.191197691197691 0.270562770562771
0.38196915776987 0.130486358244365 0.118623962040332 0.368920521945433
0.399159663865546 0.161064425770308 0.149859943977591 0.289915966386555
0.292145593869732 0.136973180076628 0.164750957854406 0.406130268199234
0.339058999253174 0.175504107542942 0.135922330097087 0.349514563106796
0.377540106951872 0.172192513368984 0.161497326203209 0.288770053475936
0.313084112149533 0.18411214953271 0.192523364485981 0.310280373831776
0.22380410022779 0.14123006833713 0.183940774487472 0.451025056947608
0.403846153846154 0.171245421245421 0.153846153846154 0.271062271062271
0.310492505353319 0.237687366167024 0.130620985010707 0.321199143468951
0.306843267108168 0.231788079470199 0.158940397350993 0.30242825607064
0.281288723667906 0.162329615861214 0.16728624535316 0.38909541511772
0.404580152671756 0.155725190839695 0.155725190839695 0.283969465648855
0.442687747035573 0.150197628458498 0.08300395256917 0.324110671936759
0.408730158730159 0.130952380952381 0.138888888888889 0.321428571428571
0.259445843828715 0.18639798488665 0.133501259445844 0.420654911838791
0.358333333333333 0.178333333333333 0.176666666666667 0.286666666666667
0.364 0.132 0.104 0.4
0.307692307692308 0.198380566801619 0.149797570850202 0.34412955465587
0.236923076923077 0.129230769230769 0.150769230769231 0.483076923076923
0.339430894308943 0.201219512195122 0.150406504065041 0.308943089430894
0.326530612244898 0.133786848072562 0.151927437641723 0.387755102040816
0.342281879194631 0.158836689038031 0.194630872483221 0.304250559284116
0.174825174825175 0.178321678321678 0.187645687645688 0.459207459207459
0.383255813953488 0.146976744186047 0.212093023255814 0.257674418604651
0.356979405034325 0.105263157894737 0.208237986270023 0.329519450800915
0.335907335907336 0.218146718146718 0.171814671814672 0.274131274131274
0.293510324483776 0.119469026548673 0.21976401179941 0.367256637168142
0.400527009222661 0.144927536231884 0.172595520421607 0.281949934123847
0.425287356321839 0.103448275862069 0.168582375478927 0.302681992337165
0.394557823129252 0.19047619047619 0.115646258503401 0.299319727891156
0.226415094339623 0.144082332761578 0.200686106346484 0.428816466552316
0.424817518248175 0.122627737226277 0.178102189781022 0.274452554744526
0.463576158940397 0.119205298013245 0.102649006622517 0.314569536423841
0.390845070422535 0.140845070422535 0.154929577464789 0.313380281690141
0.295404814004376 0.0962800875273523 0.214442013129103 0.393873085339168
0.35448275862069 0.176551724137931 0.162758620689655 0.306206896551724
0.383838383838384 0.166666666666667 0.154040404040404 0.295454545454545
0.274271844660194 0.177184466019417 0.20631067961165 0.342233009708738
0.249097472924188 0.148014440433213 0.232250300842359 0.370637785800241
0.432269197584124 0.127696289905091 0.143226919758412 0.296807592752373
0.355167394468704 0.176128093158661 0.126637554585153 0.342066957787482
0.338374291115312 0.190926275992439 0.137996219281664 0.332703213610586
0.27720207253886 0.152849740932642 0.16580310880829 0.404145077720207
0.379268292682927 0.139024390243902 0.152439024390244 0.329268292682927
0.398613518197574 0.1421143847487 0.114384748700173 0.344887348353553
0.325153374233129 0.169734151329243 0.188139059304703 0.316973415132924
0.230661040787623 0.136427566807314 0.154711673699015 0.478199718706048
0.388996138996139 0.1496138996139 0.155405405405405 0.305984555984556
0.348949919224556 0.150242326332795 0.116316639741519 0.384491114701131
0.358890701468189 0.146818923327896 0.138662316476346 0.355628058727569
0.280193236714976 0.160628019323671 0.129227053140097 0.429951690821256
0.325557809330629 0.168356997971602 0.162271805273834 0.343813387423935
0.353006681514477 0.173719376391982 0.142538975501114 0.330734966592428
0.352272727272727 0.169421487603306 0.18801652892562 0.290289256198347
0.216675809105869 0.178277564454196 0.188699945145365 0.416346681294569
0.376873661670236 0.174161313347609 0.162027123483226 0.286937901498929
0.354957160342717 0.167686658506732 0.134638922888617 0.342717258261934
0.326283987915408 0.167673716012085 0.173716012084592 0.332326283987915
0.242262540021345 0.150480256136606 0.194236926360726 0.413020277481323
0.424761904761905 0.133333333333333 0.121904761904762 0.32
0.408878504672897 0.142523364485981 0.158878504672897 0.289719626168224
0.443181818181818 0.178030303030303 0.147727272727273 0.231060606060606
0.234624145785877 0.154897494305239 0.191343963553531 0.419134396355353
0.376377952755906 0.162204724409449 0.146456692913386 0.31496062992126
0.382239382239382 0.1003861003861 0.115830115830116 0.401544401544402
0.445652173913043 0.135869565217391 0.133152173913043 0.285326086956522
0.298245614035088 0.177387914230019 0.179337231968811 0.345029239766082
0.327777777777778 0.202777777777778 0.141666666666667 0.327777777777778
0.370165745856354 0.147790055248619 0.162983425414365 0.319060773480663
0.310344827586207 0.174329501915709 0.239463601532567 0.275862068965517
0.255186721991701 0.157676348547718 0.201244813278008 0.385892116182573
0.384323640960809 0.18204804045512 0.208596713021492 0.225031605562579
0.273291925465839 0.18944099378882 0.158385093167702 0.37888198757764
0.345454545454545 0.224242424242424 0.151515151515152 0.278787878787879
0.261943986820428 0.168039538714992 0.172981878088962 0.397034596375618
0.400560224089636 0.137254901960784 0.140056022408964 0.322128851540616
0.318181818181818 0.181818181818182 0.151515151515152 0.348484848484849
0.369747899159664 0.0840336134453782 0.159663865546218 0.38655462184874
0.228310502283105 0.168949771689498 0.114155251141553 0.488584474885845
0.382911392405063 0.177215189873418 0.142405063291139 0.29746835443038
0.209150326797386 0.241830065359477 0.130718954248366 0.418300653594771
0.34 0.186666666666667 0.12 0.353333333333333
0.232931726907631 0.180722891566265 0.152610441767068 0.433734939759036
0.292 0.22 0.148 0.34
0.292834890965732 0.199376947040498 0.161993769470405 0.345794392523364
0.34061135371179 0.200873362445415 0.170305676855895 0.2882096069869
0.187384044526902 0.211502782931354 0.168831168831169 0.432282003710575
0.37251356238698 0.148282097649186 0.195298372513562 0.283905967450271
0.335403726708075 0.164596273291925 0.170807453416149 0.329192546583851
0.326923076923077 0.142307692307692 0.207692307692308 0.323076923076923
0.289719626168224 0.13785046728972 0.189252336448598 0.383177570093458
0.355555555555556 0.140740740740741 0.211111111111111 0.292592592592593
0.406593406593407 0.0989010989010989 0.192307692307692 0.302197802197802
0.326086956521739 0.22463768115942 0.195652173913043 0.253623188405797
0.212686567164179 0.171641791044776 0.149253731343284 0.466417910447761
0.412751677852349 0.134228187919463 0.181208053691275 0.271812080536913
0.359375 0.135416666666667 0.177083333333333 0.328125
0.383333333333333 0.1 0.141666666666667 0.375
0.258992805755396 0.151079136690647 0.226618705035971 0.363309352517986
0.352941176470588 0.164705882352941 0.152941176470588 0.329411764705882
0.317269076305221 0.140562248995984 0.140562248995984 0.401606425702811
0.325358851674641 0.162679425837321 0.267942583732057 0.244019138755981
0.196172248803828 0.165071770334928 0.188995215311005 0.449760765550239
0.380239520958084 0.167664670658683 0.145209580838323 0.30688622754491
0.322709163346614 0.173306772908367 0.127490039840637 0.376494023904382
0.306962025316456 0.218354430379747 0.14873417721519 0.325949367088608
0.243346007604563 0.136882129277567 0.214828897338403 0.404942965779468
0.419753086419753 0.146090534979424 0.183127572016461 0.251028806584362
0.358730158730159 0.13968253968254 0.0920634920634921 0.40952380952381
0.36038961038961 0.142857142857143 0.107142857142857 0.38961038961039
0.230379746835443 0.141772151898734 0.121518987341772 0.506329113924051
0.399641577060932 0.134408602150538 0.161290322580645 0.304659498207885
0.290617848970252 0.132723112128146 0.116704805491991 0.459954233409611
0.328083989501312 0.152230971128609 0.149606299212598 0.37007874015748
0.295503211991435 0.149892933618844 0.15203426124197 0.402569593147752
0.316258351893096 0.220489977728285 0.142538975501114 0.320712694877506
0.322704081632653 0.186224489795918 0.131377551020408 0.35969387755102
0.303411131059246 0.217235188509874 0.18850987432675 0.290843806104129
0.226223453370268 0.163434903047091 0.156971375807941 0.4533702677747
0.38371182458888 0.151918559122944 0.178543461237275 0.285826155050901
0.364746945898778 0.155322862129145 0.134380453752181 0.345549738219895
0.387755102040816 0.182397959183673 0.173469387755102 0.256377551020408
0.282366071428571 0.149553571428571 0.198660714285714 0.369419642857143
0.402834008097166 0.097165991902834 0.157894736842105 0.342105263157895
0.42 0.14 0.148 0.292
0.428015564202335 0.167315175097276 0.155642023346304 0.249027237354086
0.2325 0.16 0.1325 0.475
0.411347517730496 0.134751773049645 0.189716312056738 0.264184397163121
0.39367816091954 0.155172413793103 0.155172413793103 0.295977011494253
0.439897698209719 0.153452685421995 0.115089514066496 0.29156010230179
0.31359649122807 0.125 0.151315789473684 0.410087719298246
0.331369661266568 0.167893961708395 0.141384388807069 0.359351988217968
0.317865429234339 0.176334106728538 0.176334106728538 0.329466357308585
0.365231259968102 0.165869218500797 0.213716108452951 0.25518341307815
0.223634053367217 0.146124523506989 0.174078780177891 0.456162642947903
0.416551724137931 0.146206896551724 0.184827586206897 0.252413793103448
0.355212355212355 0.146718146718147 0.166023166023166 0.332046332046332
0.361031518624642 0.226361031518625 0.137535816618911 0.275071633237822
0.2890625 0.171875 0.15625 0.3828125
0.435897435897436 0.0911680911680912 0.150997150997151 0.321937321937322
0.338461538461538 0.153846153846154 0.1 0.407692307692308
0.375 0.125 0.18125 0.31875
0.163716814159292 0.190265486725664 0.132743362831858 0.513274336283186
0.319875776397516 0.186335403726708 0.164596273291925 0.329192546583851
0.369565217391304 0.0797101449275362 0.123188405797101 0.427536231884058
0.292307692307692 0.192307692307692 0.146153846153846 0.369230769230769
0.21078431372549 0.196078431372549 0.161764705882353 0.431372549019608
0.327127659574468 0.167553191489362 0.196808510638298 0.308510638297872
0.344709897610922 0.218430034129693 0.133105802047782 0.303754266211604
0.354938271604938 0.182098765432099 0.216049382716049 0.246913580246914
0.174484052532833 0.198874296435272 0.180112570356473 0.446529080675422
0.379095163806552 0.137285491419657 0.202808112324493 0.280811232449298
0.367491166077739 0.113074204946996 0.204946996466431 0.314487632508834
0.360795454545455 0.184659090909091 0.164772727272727 0.289772727272727
0.306083650190114 0.125475285171103 0.197718631178707 0.370722433460076
0.374193548387097 0.135483870967742 0.183870967741935 0.306451612903226
0.324324324324324 0.189189189189189 0.155405405405405 0.331081081081081
0.435897435897436 0.134615384615385 0.205128205128205 0.224358974358974
0.17175572519084 0.137404580152672 0.209923664122137 0.480916030534351
0.39193083573487 0.126801152737752 0.175792507204611 0.305475504322767
0.380645161290323 0.129032258064516 0.135483870967742 0.354838709677419
0.421052631578947 0.0935672514619883 0.152046783625731 0.333333333333333
0.351464435146443 0.0920502092050209 0.175732217573222 0.380753138075314
0.38021978021978 0.16043956043956 0.140659340659341 0.318681318681319
0.34070796460177 0.199115044247788 0.207964601769911 0.252212389380531
0.354938271604938 0.141975308641975 0.216049382716049 0.287037037037037
0.214750542299349 0.151843817787419 0.212581344902386 0.420824295010846
0.428005284015852 0.142668428005284 0.150594451783355 0.278731836195509
0.345070422535211 0.194835680751174 0.143192488262911 0.316901408450704
0.313351498637602 0.204359673024523 0.160762942779292 0.321525885558583
0.262422360248447 0.190993788819876 0.192546583850932 0.354037267080745
0.437652811735941 0.124694376528117 0.163814180929095 0.273838630806846
0.421940928270042 0.0843881856540084 0.118143459915612 0.375527426160338
0.417582417582418 0.161172161172161 0.168498168498169 0.252747252747253
0.224867724867725 0.177248677248677 0.137566137566138 0.46031746031746
0.41304347826087 0.152173913043478 0.146245059288538 0.288537549407115
0.339416058394161 0.14963503649635 0.131386861313869 0.37956204379562
0.462462462462462 0.105105105105105 0.108108108108108 0.324324324324324
0.282122905027933 0.14804469273743 0.134078212290503 0.435754189944134
0.349112426035503 0.159763313609467 0.149901380670611 0.341222879684418
0.347107438016529 0.161157024793388 0.159090909090909 0.332644628099174
0.352553542009885 0.179571663920923 0.200988467874794 0.266886326194399
0.217112299465241 0.168983957219251 0.198930481283422 0.414973262032086
0.339064649243466 0.174690508940853 0.18707015130674 0.299174690508941
0.324283559577677 0.16289592760181 0.137254901960784 0.375565610859729
0.289389067524116 0.181672025723473 0.146302250803859 0.382636655948553
0.289655172413793 0.135960591133005 0.18128078817734 0.393103448275862
0.415881561238223 0.15343203230148 0.129205921938089 0.301480484522207
0.413461538461538 0.134615384615385 0.146153846153846 0.305769230769231
0.435975609756098 0.152439024390244 0.179878048780488 0.231707317073171
0.276737967914438 0.143048128342246 0.175133689839572 0.405080213903743
0.38755980861244 0.164274322169059 0.162679425837321 0.28548644338118
0.350282485875706 0.111111111111111 0.165725047080979 0.372881355932203
0.378016085790885 0.134048257372654 0.150134048257373 0.337801608579088
0.371478873239437 0.149647887323944 0.147887323943662 0.330985915492958
0.314285714285714 0.178021978021978 0.125274725274725 0.382417582417582
0.336973478939158 0.168486739469579 0.143525741029641 0.351014040561622
0.29375 0.18125 0.1859375 0.3390625
0.234702430846605 0.16848281642917 0.187761944677284 0.40905280804694
0.390527256478999 0.176050044682752 0.169794459338695 0.263628239499553
0.281124497991968 0.194779116465863 0.112449799196787 0.411646586345382
0.306122448979592 0.214285714285714 0.179591836734694 0.3
0.254320987654321 0.208641975308642 0.155555555555556 0.381481481481481
0.372384937238494 0.154811715481172 0.143654114365411 0.329149232914923
0.377431906614786 0.175097276264591 0.132295719844358 0.315175097276265
0.366812227074236 0.200873362445415 0.165938864628821 0.266375545851528
0.164383561643836 0.201565557729941 0.158512720156556 0.475538160469667
0.381930184804928 0.15605749486653 0.172484599589322 0.28952772073922
0.34051724137931 0.176724137931034 0.125 0.357758620689655
0.325174825174825 0.136363636363636 0.178321678321678 0.36013986013986
0.244705882352941 0.164705882352941 0.202352941176471 0.388235294117647
0.311064718162839 0.250521920668058 0.154488517745303 0.2839248434238
0.297826086956522 0.223913043478261 0.160869565217391 0.317391304347826
0.31566265060241 0.197590361445783 0.195180722891566 0.291566265060241
0.179317931793179 0.216721672167217 0.166116611661166 0.437843784378438
0.341872791519435 0.165194346289753 0.215547703180212 0.277385159010601
0.36241610738255 0.131991051454139 0.152125279642058 0.353467561521253
0.342379958246347 0.171189979123173 0.204592901878914 0.281837160751566
0.267696267696268 0.126126126126126 0.236808236808237 0.369369369369369
0.417445482866044 0.11993769470405 0.179127725856698 0.283489096573209
0.440579710144928 0.104347826086957 0.150724637681159 0.304347826086957
0.382608695652174 0.160869565217391 0.139130434782609 0.317391304347826
0.227480916030534 0.157251908396947 0.19236641221374 0.422900763358779
0.409319899244332 0.1272040302267 0.163727959697733 0.299748110831234
0.353535353535354 0.116161616161616 0.171717171717172 0.358585858585859
0.356200527704486 0.150395778364116 0.139841688654354 0.353562005277045
0.345541401273885 0.144904458598726 0.199044585987261 0.310509554140127
0.369318181818182 0.184659090909091 0.149147727272727 0.296875
0.35234215885947 0.140529531568228 0.171079429735234 0.336048879837067
0.295580110497238 0.243093922651934 0.179558011049724 0.281767955801105
0.220554272517321 0.16743648960739 0.202078521939954 0.409930715935335
0.384410983170948 0.171833480956599 0.151461470327724 0.29229406554473
0.359042553191489 0.162234042553191 0.127659574468085 0.351063829787234
0.320661157024793 0.2 0.142148760330579 0.337190082644628
0.228980322003578 0.15742397137746 0.161896243291592 0.45169946332737
0.368375325803649 0.152041702867072 0.170286707211121 0.309296264118158
0.398571428571429 0.138571428571429 0.0871428571428571 0.375714285714286
0.329136690647482 0.181654676258993 0.127697841726619 0.361510791366906
0.215369059656218 0.160768452982811 0.141557128412538 0.482305358948433
0.4 0.157692307692308 0.154615384615385 0.287692307692308
0.338820301783265 0.139917695473251 0.109739368998628 0.411522633744856
0.321385902031063 0.197132616487455 0.149342891278375 0.332138590203106
0.266460905349794 0.1440329218107 0.148148148148148 0.441358024691358
0.302478134110787 0.219387755102041 0.164723032069971 0.313411078717201
0.332816136539953 0.166795965865012 0.149728471683476 0.350659425911559
0.324147933284989 0.184191443074692 0.203045685279188 0.288614938361131
0.202111024237686 0.175918686473808 0.168100078186083 0.453870211102424
0.420177383592018 0.140428677014043 0.174057649667406 0.265336289726534
0.401777777777778 0.144888888888889 0.163555555555556 0.289777777777778
0.382424735557364 0.181448331977217 0.167615947925142 0.268510984540277
0.293740758994579 0.151798915722031 0.209462789551503 0.344997535731888
0.435708435708436 0.132678132678133 0.143325143325143 0.288288288288288
0.405454545454545 0.154545454545455 0.18 0.26
0.408624229979466 0.147843942505133 0.168377823408624 0.275154004106776
0.23524379811805 0.153122326775021 0.166809238665526 0.444824636441403
0.44839255499154 0.133671742808799 0.159052453468697 0.258883248730964
0.450166112956811 0.122923588039867 0.151162790697674 0.275747508305648
0.380357142857143 0.148214285714286 0.189285714285714 0.282142857142857
0.286719437115215 0.150395778364116 0.18117854001759 0.381706244503078
0.388071262587142 0.15724244771495 0.12858249419055 0.326103795507359
0.366477272727273 0.198863636363636 0.180397727272727 0.254261363636364
0.355675675675676 0.178378378378378 0.163243243243243 0.302702702702703
0.229166666666667 0.17479674796748 0.196138211382114 0.39989837398374
0.43163097199341 0.139209225700165 0.155683690280066 0.273476112026359
0.369047619047619 0.204761904761905 0.138095238095238 0.288095238095238
0.360801781737194 0.180400890868597 0.151447661469933 0.307349665924276
0.273340832395951 0.169853768278965 0.178852643419573 0.377952755905512
0.449793672627235 0.132049518569464 0.160935350756534 0.257221458046768
0.425373134328358 0.156716417910448 0.126865671641791 0.291044776119403
0.345195729537367 0.145907473309609 0.185053380782918 0.323843416370107
0.20103986135182 0.161178509532062 0.187175043327556 0.450606585788561
0.423841059602649 0.145695364238411 0.153973509933775 0.276490066225166
0.392405063291139 0.126582278481013 0.135021097046413 0.345991561181435
0.380090497737557 0.194570135746606 0.135746606334842 0.289592760180996
0.318652849740933 0.152849740932642 0.158031088082902 0.370466321243523
0.367670364500792 0.177496038034865 0.175911251980983 0.27892234548336
0.393700787401575 0.191601049868766 0.167979002624672 0.246719160104987
0.346153846153846 0.163461538461538 0.165865384615385 0.324519230769231
0.194991055456172 0.197674418604651 0.186940966010733 0.420393559928444
0.397012578616352 0.123427672955975 0.24685534591195 0.232704402515723
0.397872340425532 0.131914893617021 0.212765957446809 0.257446808510638
0.340388007054674 0.149911816578483 0.245149911816578 0.264550264550265
0.267995570321152 0.124031007751938 0.274640088593577 0.333333333333333
0.406880189798339 0.115065243179122 0.169632265717675 0.308422301304864
0.44 0.12 0.163636363636364 0.276363636363636
0.354304635761589 0.139072847682119 0.165562913907285 0.341059602649007
0.246341463414634 0.135365853658537 0.21219512195122 0.40609756097561
0.429133858267717 0.0879265091863517 0.190288713910761 0.292650918635171
0.396363636363636 0.0836363636363636 0.163636363636364 0.356363636363636
0.431906614785992 0.116731517509728 0.151750972762646 0.299610894941634
0.315217391304348 0.115942028985507 0.186594202898551 0.382246376811594
0.38423645320197 0.142857142857143 0.204433497536946 0.268472906403941
0.361702127659574 0.13563829787234 0.180851063829787 0.321808510638298
0.34052757793765 0.158273381294964 0.196642685851319 0.304556354916067
0.253073770491803 0.14344262295082 0.210040983606557 0.39344262295082
0.448792672772689 0.132389675270608 0.124895920066611 0.293921731890092
0.386605783866058 0.162861491628615 0.115677321156773 0.334855403348554
0.37246963562753 0.168016194331984 0.145748987854251 0.313765182186235
0.279320987654321 0.159722222222222 0.162808641975309 0.398148148148148
0.430184804928131 0.0975359342915811 0.162217659137577 0.31006160164271
0.422566371681416 0.15929203539823 0.121681415929204 0.29646017699115
0.327231121281465 0.173913043478261 0.169336384439359 0.329519450800915
0.247695852534562 0.144009216589862 0.157834101382488 0.450460829493088
0.49671772428884 0.111597374179431 0.154266958424508 0.237417943107221
0.385826771653543 0.139763779527559 0.127952755905512 0.346456692913386
0.339041095890411 0.166095890410959 0.166095890410959 0.328767123287671
0.269636576787808 0.155920281359906 0.139507620164127 0.434935521688159
0.390867579908676 0.163470319634703 0.135159817351598 0.310502283105023
0.36731843575419 0.191340782122905 0.146648044692737 0.294692737430168
0.331435079726651 0.177676537585421 0.178815489749431 0.312072892938497
0.236698160119344 0.180009945300845 0.178020885131775 0.405271009448036
0.366576819407008 0.173854447439353 0.185983827493261 0.273584905660377
0.381703470031546 0.168769716088328 0.15615141955836 0.293375394321767
0.328767123287671 0.175038051750381 0.207001522070015 0.289193302891933
0.275210084033613 0.152310924369748 0.215336134453782 0.357142857142857
0.434408602150538 0.111827956989247 0.139784946236559 0.313978494623656
0.498371335504886 0.11400651465798 0.117263843648208 0.270358306188925
0.445497630331754 0.0995260663507109 0.151658767772512 0.303317535545024
0.309058614564831 0.159857904085258 0.161634103019538 0.369449378330373
0.421550094517958 0.136105860113422 0.160680529300567 0.281663516068053
0.440771349862259 0.140495867768595 0.148760330578512 0.269972451790634
0.364341085271318 0.151162790697674 0.151162790697674 0.333333333333333
0.330508474576271 0.144067796610169 0.197033898305085 0.328389830508475
0.355405405405405 0.185135135135135 0.147297297297297 0.312162162162162
0.381632653061225 0.16734693877551 0.163265306122449 0.287755102040816
0.340807174887892 0.168161434977578 0.210762331838565 0.280269058295964
0.237735849056604 0.206603773584906 0.189622641509434 0.366037735849057
0.429951690821256 0.160628019323671 0.169082125603865 0.240338164251208
0.316326530612245 0.210884353741497 0.146258503401361 0.326530612244898
0.337662337662338 0.214285714285714 0.155844155844156 0.292207792207792
0.263076923076923 0.170769230769231 0.2 0.366153846153846
0.444067796610169 0.108474576271186 0.132203389830508 0.315254237288136
0.393700787401575 0.133858267716535 0.102362204724409 0.37007874015748
0.386363636363636 0.193181818181818 0.136363636363636 0.284090909090909
0.198473282442748 0.217557251908397 0.129770992366412 0.454198473282443
0.457044673539519 0.151202749140893 0.15807560137457 0.233676975945017
0.403669724770642 0.174311926605505 0.155963302752294 0.26605504587156
0.355371900826446 0.12396694214876 0.140495867768595 0.380165289256198
0.271966527196653 0.163179916317992 0.209205020920502 0.355648535564854
0.39051094890511 0.204379562043796 0.12043795620438 0.284671532846715
0.357976653696498 0.171206225680934 0.132295719844358 0.33852140077821
0.317460317460317 0.185185185185185 0.137566137566138 0.35978835978836
0.195892575039494 0.221169036334913 0.184834123222749 0.398104265402844
0.3568 0.1344 0.2352 0.2736
0.384615384615385 0.140468227424749 0.193979933110368 0.280936454849498
0.402777777777778 0.166666666666667 0.201388888888889 0.229166666666667
0.290448343079922 0.165692007797271 0.243664717348928 0.300194931773879
0.438735177865613 0.0988142292490119 0.16600790513834 0.296442687747036
0.418032786885246 0.172131147540984 0.213114754098361 0.19672131147541
0.434782608695652 0.152173913043478 0.195652173913043 0.217391304347826
0.222222222222222 0.143790849673203 0.199346405228758 0.434640522875817
0.395348837209302 0.116279069767442 0.197674418604651 0.290697674418605
0.404255319148936 0.127659574468085 0.120567375886525 0.347517730496454
0.432 0.128 0.16 0.28
0.294117647058824 0.114186851211073 0.231833910034602 0.359861591695502
0.429078014184397 0.141843971631206 0.148936170212766 0.280141843971631
0.32994923857868 0.126903553299492 0.182741116751269 0.360406091370558
0.320388349514563 0.184466019417476 0.20873786407767 0.286407766990291
0.225868725868726 0.177606177606178 0.241312741312741 0.355212355212355
0.416015625 0.15234375 0.12890625 0.302734375
0.409495548961424 0.181008902077151 0.118694362017804 0.29080118694362
0.324324324324324 0.196911196911197 0.135135135135135 0.343629343629344
0.288343558282209 0.179959100204499 0.161554192229039 0.370143149284254
0.430672268907563 0.111344537815126 0.140756302521008 0.317226890756303
0.4 0.141379310344828 0.124137931034483 0.33448275862069
0.362068965517241 0.146551724137931 0.120689655172414 0.370689655172414
0.201160541586073 0.133462282398453 0.168278529980658 0.497098646034816
0.440251572327044 0.119496855345912 0.169811320754717 0.270440251572327
0.344961240310078 0.151162790697674 0.108527131782946 0.395348837209302
0.382671480144404 0.162454873646209 0.166064981949458 0.288808664259928
0.292803970223325 0.141439205955335 0.124069478908189 0.441687344913151
0.345167652859961 0.187376725838264 0.175542406311637 0.291913214990138
0.357894736842105 0.175438596491228 0.136842105263158 0.329824561403509
0.370741482965932 0.160320641282565 0.204408817635271 0.264529058116232
0.208234362628662 0.182897862232779 0.191607284243864 0.417260490894695
0.408653846153846 0.154647435897436 0.188301282051282 0.248397435897436
0.398058252427184 0.149514563106796 0.170873786407767 0.281553398058252
0.4 0.180281690140845 0.149295774647887 0.270422535211268
0.28125 0.147629310344828 0.214439655172414 0.356681034482759
0.415094339622642 0.126415094339623 0.145283018867925 0.313207547169811
0.4 0.152631578947368 0.163157894736842 0.284210526315789
0.422794117647059 0.172794117647059 0.161764705882353 0.242647058823529
0.223340040241449 0.124748490945674 0.169014084507042 0.482897384305835
0.443636363636364 0.134545454545455 0.192727272727273 0.229090909090909
0.437710437710438 0.124579124579125 0.178451178451178 0.259259259259259
0.48494983277592 0.123745819397993 0.133779264214047 0.25752508361204
0.315334773218143 0.166306695464363 0.142548596112311 0.375809935205184
0.382947976878613 0.164739884393064 0.154624277456647 0.297687861271676
0.361842105263158 0.174342105263158 0.223684210526316 0.240131578947368
0.436293436293436 0.16023166023166 0.148648648648649 0.254826254826255
0.192178770949721 0.206703910614525 0.218994413407821 0.382122905027933
0.397959183673469 0.153061224489796 0.210459183673469 0.238520408163265
0.389513108614232 0.176029962546816 0.119850187265918 0.314606741573034
0.363888888888889 0.191666666666667 0.136111111111111 0.308333333333333
0.270175438596491 0.198245614035088 0.173684210526316 0.357894736842105
0.503896103896104 0.0493506493506494 0.158441558441558 0.288311688311688
0.403669724770642 0.128440366972477 0.192660550458716 0.275229357798165
0.37012987012987 0.155844155844156 0.181818181818182 0.292207792207792
0.197916666666667 0.166666666666667 0.152777777777778 0.482638888888889
0.359621451104101 0.160883280757098 0.157728706624606 0.321766561514196
0.43448275862069 0.131034482758621 0.172413793103448 0.262068965517241
0.392 0.168 0.088 0.352
0.246753246753247 0.194805194805195 0.142857142857143 0.415584415584416
0.342036553524804 0.154046997389034 0.193211488250653 0.310704960835509
0.379182156133829 0.137546468401487 0.189591078066914 0.29368029739777
0.378698224852071 0.156804733727811 0.233727810650888 0.230769230769231
0.210796915167095 0.201799485861183 0.182519280205656 0.404884318766067
0.403428571428571 0.128 0.233142857142857 0.235428571428571
0.323420074349442 0.163568773234201 0.245353159851301 0.267657992565056
0.332425068119891 0.149863760217984 0.237057220708447 0.280653950953678
0.257748776508972 0.156606851549755 0.210440456769984 0.375203915171289
0.409313725490196 0.137254901960784 0.166666666666667 0.286764705882353
0.375 0.109375 0.2109375 0.3046875
0.396103896103896 0.227272727272727 0.155844155844156 0.220779220779221
0.222535211267606 0.143661971830986 0.169014084507042 0.464788732394366
0.478021978021978 0.10989010989011 0.151098901098901 0.260989010989011
0.416 0.128 0.136 0.32
0.414285714285714 0.107142857142857 0.178571428571429 0.3
0.295384615384615 0.12 0.169230769230769 0.415384615384615
0.383858267716535 0.145669291338583 0.206692913385827 0.263779527559055
0.4321608040201 0.130653266331658 0.190954773869347 0.246231155778894
0.314024390243902 0.158536585365854 0.225609756097561 0.301829268292683
0.199294532627866 0.144620811287478 0.209876543209877 0.44620811287478
0.476543209876543 0.106172839506173 0.151851851851852 0.265432098765432
0.392764857881137 0.147286821705426 0.136950904392765 0.322997416020672
0.333333333333333 0.171091445427729 0.141592920353982 0.353982300884956
0.293604651162791 0.148255813953488 0.194767441860465 0.363372093023256
0.46985446985447 0.116424116424116 0.153846153846154 0.25987525987526
0.395348837209302 0.144186046511628 0.12093023255814 0.33953488372093
0.400881057268722 0.149779735682819 0.158590308370044 0.290748898678414
0.225512528473804 0.134396355353075 0.150341685649203 0.489749430523918
0.444168734491315 0.0992555831265509 0.161290322580645 0.295285359801489
0.369294605809129 0.116182572614108 0.141078838174274 0.37344398340249
0.376811594202899 0.0869565217391304 0.148550724637681 0.38768115942029
0.315245478036176 0.131782945736434 0.157622739018088 0.395348837209302
0.343696027633851 0.174438687392055 0.184801381692573 0.29706390328152
0.378378378378378 0.147420147420147 0.179361179361179 0.294840294840295
0.372477064220184 0.176146788990826 0.211009174311927 0.240366972477064
0.249760765550239 0.172248803827751 0.202870813397129 0.37511961722488
0.383344348975545 0.165234633179114 0.19035029742234 0.261070720423001
0.407473309608541 0.158362989323843 0.142348754448399 0.291814946619217
0.343065693430657 0.202554744525547 0.178832116788321 0.275547445255474
0.302752293577982 0.126605504587156 0.196330275229358 0.374311926605505
0.458080194410693 0.121506682867558 0.149453219927096 0.270959902794654
0.411622276029056 0.147699757869249 0.157384987893462 0.283292978208232
0.435064935064935 0.146103896103896 0.152597402597403 0.266233766233766
0.257594167679222 0.147023086269745 0.184690157958688 0.410692588092345
0.483760683760684 0.11965811965812 0.141880341880342 0.254700854700855
0.453551912568306 0.12568306010929 0.120218579234973 0.300546448087432
0.445283018867925 0.0981132075471698 0.128301886792453 0.328301886792453
0.332778702163062 0.141430948419301 0.193011647254576 0.332778702163062
0.350114416475973 0.159038901601831 0.139588100686499 0.351258581235698
0.363138686131387 0.155109489051095 0.184306569343066 0.297445255474453
0.354098360655738 0.165573770491803 0.19344262295082 0.286885245901639
0.245403111739745 0.163366336633663 0.183168316831683 0.408062234794908
0.388193202146691 0.162790697674419 0.190518783542039 0.258497316636851
0.333333333333333 0.199513381995134 0.170316301703163 0.29683698296837
0.291404612159329 0.247379454926625 0.150943396226415 0.310272536687631
0.283720930232558 0.180232558139535 0.187209302325581 0.348837209302326
0.422437673130194 0.109418282548476 0.142659279778393 0.325484764542936
0.415637860082305 0.135802469135802 0.164609053497942 0.283950617283951
0.369565217391304 0.141304347826087 0.201086956521739 0.28804347826087
0.210294117647059 0.186764705882353 0.154411764705882 0.448529411764706
0.407407407407407 0.155202821869489 0.160493827160494 0.27689594356261
0.360294117647059 0.180147058823529 0.128676470588235 0.330882352941176
0.28099173553719 0.198347107438017 0.140495867768595 0.380165289256198
0.289908256880734 0.165137614678899 0.135779816513761 0.409174311926606
0.37251356238698 0.148282097649186 0.15370705244123 0.325497287522604
0.337730870712401 0.174142480211082 0.171503957783641 0.316622691292876
0.334285714285714 0.202857142857143 0.16 0.302857142857143
0.177162048698573 0.235936188077246 0.17632241813602 0.410579345088161
0.374907749077491 0.13210332103321 0.228782287822878 0.264206642066421
0.416015625 0.1171875 0.16796875 0.298828125
0.334600760456274 0.174904942965779 0.199619771863118 0.290874524714829
0.299900695134062 0.128103277060576 0.234359483614697 0.337636544190665
0.431918008784773 0.10688140556369 0.14787701317716 0.313323572474378
0.384353741496599 0.115646258503401 0.210884353741497 0.289115646258503
0.410041841004184 0.154811715481172 0.150627615062762 0.284518828451883
0.215895610913405 0.161328588374852 0.195729537366548 0.427046263345196
0.4609375 0.111979166666667 0.145833333333333 0.28125
0.479885057471264 0.112068965517241 0.155172413793103 0.252873563218391
0.452145214521452 0.128712871287129 0.148514851485149 0.270627062706271
0.299328859060403 0.118120805369128 0.18255033557047 0.4
0.406849315068493 0.141095890410959 0.146575342465753 0.305479452054795
0.366161616161616 0.116161616161616 0.214646464646465 0.303030303030303
0.327027027027027 0.175675675675676 0.189189189189189 0.308108108108108
0.223206377325066 0.183348095659876 0.194862710363153 0.398582816651904
0.439810426540284 0.128909952606635 0.133649289099526 0.297630331753555
0.367851622874807 0.176197836166924 0.137557959814529 0.31839258114374
0.414448669201521 0.182509505703422 0.125475285171103 0.277566539923954
0.277163904235727 0.161141804788214 0.185082872928177 0.376611418047882
0.416452442159383 0.0968294772922022 0.167952013710368 0.318766066838046
0.436974789915966 0.134453781512605 0.110924369747899 0.317647058823529
0.30938123752495 0.173652694610778 0.193612774451098 0.323353293413174
0.209731543624161 0.164429530201342 0.136744966442953 0.489093959731544
0.450042698548249 0.142613151152861 0.125533731853117 0.281810418445773
0.347222222222222 0.151234567901235 0.12037037037037 0.381172839506173
0.410740203193033 0.172714078374456 0.13933236574746 0.277213352685051
0.286141575274177 0.156530408773679 0.143569292123629 0.413758723828514
0.336764705882353 0.184558823529412 0.152941176470588 0.325735294117647
0.355855855855856 0.185585585585586 0.145045045045045 0.313513513513514
0.356637168141593 0.169026548672566 0.188495575221239 0.285840707964602
0.211504108610218 0.17470525187567 0.186495176848875 0.427295462665238
0.455070371706965 0.158787441356911 0.150848069289065 0.235294117647059
0.424606845513413 0.156336725254394 0.16836262719704 0.250693802035153
0.392125984251968 0.182677165354331 0.186614173228346 0.238582677165354
0.301257517769273 0.196828868234008 0.195735374521597 0.306178239475123
0.451241134751773 0.150709219858156 0.122340425531915 0.275709219858156
0.458715596330275 0.151376146788991 0.123853211009174 0.26605504587156
0.416851441241685 0.139689578713969 0.148558758314856 0.29490022172949
0.218026796589525 0.197320341047503 0.182704019488429 0.401948842874543
0.496545768566494 0.136442141623489 0.149395509499136 0.217616580310881
0.429809358752166 0.155979202772964 0.121317157712305 0.292894280762565
0.470695970695971 0.153846153846154 0.137362637362637 0.238095238095238
0.317497103128621 0.187717265353418 0.149478563151796 0.345307068366165
0.427191166321601 0.163561076604555 0.121463077984817 0.287784679089027
0.340659340659341 0.225274725274725 0.181318681318681 0.252747252747253
0.355704697986577 0.195589645254075 0.194630872483221 0.254074784276127
0.213041034288926 0.221472737492974 0.204047217537943 0.361439010680157
0.456799398948159 0.163786626596544 0.149511645379414 0.229902329075883
0.351706036745407 0.230971128608924 0.133858267716535 0.283464566929134
0.325 0.240909090909091 0.165909090909091 0.268181818181818
0.240135287485908 0.2423900789177 0.153325817361894 0.364148816234498
0.442122186495177 0.176848874598071 0.128617363344051 0.252411575562701
0.395238095238095 0.114285714285714 0.180952380952381 0.30952380952381
0.402597402597403 0.134199134199134 0.155844155844156 0.307359307359307
0.193954659949622 0.219143576826196 0.143576826196474 0.443324937027708
0.490774907749078 0.149446494464945 0.114391143911439 0.245387453874539
0.362162162162162 0.189189189189189 0.145945945945946 0.302702702702703
0.331707317073171 0.234146341463415 0.126829268292683 0.307317073170732
0.291907514450867 0.130057803468208 0.15606936416185 0.421965317919075
0.366580310880829 0.207253886010363 0.158031088082902 0.268134715025907
0.358407079646018 0.190265486725664 0.174778761061947 0.276548672566372
0.342911877394636 0.187739463601533 0.195402298850575 0.273946360153257
0.173813169984686 0.256508422664625 0.190658499234303 0.379019908116386
0.459375 0.134375 0.19921875 0.20703125
0.419786096256685 0.147058823529412 0.200534759358289 0.232620320855615
0.411255411255411 0.183982683982684 0.173160173160173 0.231601731601732
0.249315068493151 0.158904109589041 0.246575342465753 0.345205479452055
0.478679504814305 0.107290233837689 0.173314993122421 0.240715268225585
0.447115384615385 0.168269230769231 0.134615384615385 0.25
0.43801652892562 0.152892561983471 0.12396694214876 0.285123966942149
0.228381374722838 0.215077605321508 0.177383592017738 0.379157427937916
0.528070175438596 0.105263157894737 0.128070175438597 0.23859649122807
0.427027027027027 0.102702702702703 0.2 0.27027027027027
0.406392694063927 0.191780821917808 0.114155251141553 0.287671232876712
0.299019607843137 0.159313725490196 0.20343137254902 0.338235294117647
0.414251207729469 0.177536231884058 0.141304347826087 0.266908212560386
0.361596009975062 0.179551122194514 0.184538653366584 0.27431421446384
0.365904365904366 0.141372141372141 0.166320166320166 0.326403326403326
0.171339563862928 0.214953271028037 0.21183800623053 0.401869158878505
0.468913857677903 0.134831460674157 0.137078651685393 0.259176029962547
0.376053962900506 0.195615514333895 0.15177065767285 0.276559865092749
0.33531746031746 0.214285714285714 0.154761904761905 0.295634920634921
0.279828326180257 0.183690987124464 0.157081545064378 0.379399141630901
0.403183023872679 0.152519893899204 0.112732095490716 0.331564986737401
0.408333333333333 0.166666666666667 0.144444444444444 0.280555555555556
0.398936170212766 0.167553191489362 0.132978723404255 0.300531914893617
0.215827338129496 0.223021582733813 0.143884892086331 0.41726618705036
0.481040086673889 0.124593716143012 0.133261105092091 0.261105092091008
0.318396226415094 0.195754716981132 0.174528301886792 0.311320754716981
0.363636363636364 0.188636363636364 0.168181818181818 0.279545454545455
0.276685393258427 0.202247191011236 0.133426966292135 0.387640449438202
