0.373329821368708 0.160959724151142 0.18899956898616 0.27671088549399
0.361053990722586 0.187126392807613 0.170245325426809 0.281574291042992
0.307114185669143 0.215646084208728 0.19839439747203 0.278845332650098
0.298901769371568 0.177760829774253 0.206284319707139 0.317053081147041
0.37226551497512 0.174115106562764 0.176321472162238 0.277297906299878
0.364050632911392 0.189535864978903 0.16295358649789 0.283459915611814
0.377686399255179 0.185507021491194 0.157964155481418 0.278842423772209
0.242162099396191 0.19118671620994 0.222712494194148 0.343938690199721
0.387816557239473 0.155501801846275 0.208520511428148 0.248161129486104
0.35406285296658 0.176001594578433 0.174805660753438 0.295129891701548
0.378312582597204 0.182513737219169 0.171245739723169 0.267927940460458
0.31242590796422 0.175018859790926 0.193339799547365 0.319215432697489
0.327554777138364 0.199306573256604 0.167780676984666 0.305357972620367
0.334944048830112 0.215221261444557 0.17853509664293 0.271299593082401
0.307222140726615 0.204097599139406 0.205173341156912 0.283506918977067
0.257076359653626 0.180922065920526 0.206284012732313 0.355717561693535
0.338795457812275 0.197498921949116 0.186239279382876 0.277466340855733
0.304404996712689 0.236968160045083 0.150370996524843 0.308255846717385
0.262741312741313 0.242181467181467 0.172007722007722 0.323069498069498
0.270686298369433 0.190861523485033 0.185689948892675 0.35276222925286
0.345804311774461 0.220298507462687 0.17771144278607 0.256185737976783
0.37156802928615 0.185784014643075 0.145057962172056 0.297589993898719
0.328632478632479 0.208547008547009 0.162962962962963 0.29985754985755
0.232444151192384 0.214534828918842 0.189933075690452 0.363087944198322
0.350844430009743 0.155082819097109 0.210133160116921 0.283939590776226
0.336854460093897 0.16343896713615 0.140258215962441 0.359448356807512
0.29438717067583 0.204058255604647 0.157093765341188 0.344460808378334
0.296719576719577 0.155343915343915 0.167619047619048 0.38031746031746
0.279697113109323 0.240957338922318 0.187343654925292 0.292001893043067
0.330368873168267 0.205154118241536 0.187771601819101 0.276705406771097
0.274102714970161 0.256114986971505 0.188450869967219 0.281331428091115
0.207945442736523 0.214873349209786 0.223749729378653 0.353431478675038
0.347308980060966 0.154015291589626 0.252661036429964 0.246014691919444
0.333793738489871 0.169659300184162 0.208563535911602 0.287983425414365
0.321412606168976 0.204202056325436 0.229593205185516 0.244792132320072
0.284732931445395 0.158769101359877 0.257395205383429 0.2991027618113
0.357995814354303 0.160100947925643 0.217715129878124 0.26418810784193
0.389779831475945 0.14243000815439 0.163903234574613 0.303886925795053
0.334625 0.186625 0.1725 0.30625
0.255803048065651 0.184447049628761 0.212583040250098 0.34716686205549
0.37840488945899 0.121406474005885 0.23021202746548 0.269976609069645
0.347077013694596 0.146811957001914 0.176851715505817 0.329259313797673
0.333122729426631 0.18211972832096 0.176591375770021 0.308166166482388
0.322129909365559 0.13661253776435 0.224131419939577 0.317126132930514
0.331703950773477 0.182069124158951 0.207429984472943 0.278796940594629
0.354750823021909 0.175388806902032 0.185832671131797 0.284027698944262
0.297092180438305 0.195361132429436 0.227679713481709 0.27986697365055
0.229215048769159 0.183697166744078 0.245239201114724 0.341848583372039
0.346889214401357 0.187340991442449 0.160858838948423 0.304910955207771
0.303076640773136 0.227231023304178 0.173160437947275 0.296531897975411
0.27279994186469 0.245839691882857 0.167502361746966 0.313858004505487
0.309155812098887 0.183154217141989 0.183268142634717 0.324421828124407
0.334919390953874 0.179802955665025 0.180418719211823 0.304858934169279
0.360958472209711 0.178992883524007 0.137735339158634 0.322313305107648
0.2767363851618 0.201065509076559 0.177190213101815 0.345007892659826
0.248566233039586 0.200307735347601 0.199538396978598 0.351587634634215
0.364075824235511 0.160393243169844 0.179729509532345 0.2958014230623
0.314937925510613 0.186704044853825 0.154585502603124 0.343772527032439
0.323445124312602 0.203392456045233 0.174037642320502 0.299124777321664
0.27396761870111 0.182826996543569 0.185010005457522 0.358195379297799
0.298181358929022 0.206828323650754 0.161993769470405 0.332996547949819
0.334445083381254 0.20914318573893 0.173317998849914 0.283093732029902
0.280364735413145 0.225705650325291 0.197274729778188 0.296654884483377
0.255079693393357 0.192267915804842 0.20114977491179 0.351502615890011
0.332488942501005 0.192360273421793 0.209248090068355 0.265902694008846
0.333112976796457 0.190454154822503 0.197197064850929 0.279235803530112
0.272625149196096 0.223267570034403 0.213859439724777 0.290247841044724
0.289676030346525 0.171775681771581 0.229598113594423 0.308950174287472
0.353382049840735 0.19121229154956 0.169570919992505 0.285834738617201
0.416452442159383 0.148029134532991 0.181233933161954 0.254284490145673
0.346313603322949 0.19245413637937 0.187088958116995 0.274143302180685
0.327502346616605 0.167335096851267 0.198993088147453 0.306169468384674
0.35785448324444 0.16020931870786 0.19482741270001 0.28710878534769
0.389081632653061 0.167448979591837 0.165918367346939 0.277551020408163
0.334386352866846 0.193966198072974 0.153372295056073 0.318275154004107
0.31598011961924 0.164434335776261 0.196445118355657 0.323140426248842
0.309315157416423 0.208244076598507 0.169165855241805 0.313274910743265
0.341551104262969 0.206251375742901 0.182772030229657 0.269425489764473
0.293619791666667 0.204985119047619 0.217540922619048 0.283854166666667
0.259353574926543 0.190156709108717 0.219343780607248 0.331145935357493
0.342402915671736 0.209375392735956 0.206233505089858 0.241988186502451
0.275704144721777 0.270895351499886 0.147698648958095 0.305701854820243
0.268141354194767 0.267062314540059 0.16239546803345 0.302400863231724
0.248582304047231 0.243766021906316 0.181698127864523 0.325953546181931
0.359160404249806 0.185022026431718 0.164679968903861 0.291137600414615
0.364521491332225 0.225837093327001 0.144146283543101 0.265495131797673
0.310411311053985 0.201478149100257 0.179627249357326 0.308483290488432
0.228467384420519 0.227992400253325 0.153736542115263 0.389803673210893
0.335584499115613 0.178002894356006 0.197620196173018 0.288792410355363
0.307063911580971 0.213599231138876 0.14776549735704 0.331571359923114
0.279615153337342 0.2083583884546 0.168069753457607 0.343956704750451
0.27991487968571 0.209854313308234 0.176952037976756 0.333278769029301
0.300418519487314 0.239733193826838 0.158383468480251 0.301464818205598
0.273177636234961 0.246520405756075 0.177400330266572 0.302901627742392
0.295271232010122 0.232484580104381 0.190415941799779 0.281828246085719
0.225561817296319 0.239268072079594 0.211925137410422 0.323244973213665
0.347523219814242 0.168386652906777 0.224888200894393 0.259201926384589
0.326948480845443 0.190554821664465 0.212186261558785 0.270310435931308
0.301958491669103 0.206664717918737 0.219818766442561 0.2715580239696
0.312383016451581 0.165599448330214 0.245394542409615 0.27662299280859
0.357563850687623 0.157591916923941 0.214005051922537 0.270839180465899
0.3536826495304 0.153237765694513 0.196243203163618 0.296836381611468
0.288541334184488 0.210022342802426 0.196297478455155 0.305138844557932
0.304559043348281 0.165171898355755 0.20254110612855 0.327727952167414
0.376875228686425 0.1527625320161 0.190633004024881 0.279729235272594
0.356751607525601 0.166944510597761 0.189092641105025 0.287211240771612
0.335907335907336 0.162805662805663 0.195302445302445 0.305984555984556
0.346038970274499 0.138671597212345 0.240648556393116 0.27464087612004
0.327749010051782 0.184891867194639 0.199918773479541 0.287440349274038
0.316359521500162 0.18299385709667 0.207727125767863 0.292919495635306
0.294412731361356 0.205500778412039 0.223144784639336 0.276941705587269
0.329044260134873 0.1637857530424 0.231222385861561 0.275947600961166
0.354487694442416 0.191849850288469 0.172642956255021 0.281019499014095
0.275038174795653 0.224108506242702 0.176861582682116 0.323991736279529
0.267358537188041 0.240672102792192 0.149617000247097 0.342352359772671
0.28405291466783 0.185346707370257 0.189417066434075 0.341183311527838
0.352097902097902 0.179283216783217 0.179370629370629 0.289248251748252
0.342971792753452 0.173964357370471 0.122978874070577 0.3600849758055
0.25415088843577 0.189921351587533 0.178997960967084 0.376929799009613
0.230297100160114 0.221757694360434 0.172211350293542 0.37573385518591
0.343960816930043 0.168561131133906 0.189631272525645 0.297846779410406
0.283483097988875 0.175010697475396 0.16313649978605 0.378369704749679
0.288710754843019 0.183567134268537 0.169806279225117 0.357915831663327
0.293144889914431 0.1717142582444 0.174021728679935 0.361119123161235
0.309211454365919 0.229722104669206 0.166737198476513 0.294329242488362
0.308392253304642 0.219981555487243 0.160774669535813 0.310851521672303
0.285002805836139 0.212121212121212 0.230218855218855 0.272657126823794
0.251384746484874 0.190583723902855 0.221729867916489 0.336301661695782
0.357301414581066 0.172883569096844 0.194689880304679 0.27512513601741
0.328077405482888 0.199157857014872 0.189302992295288 0.283461745206952
0.334136248533136 0.208263850287197 0.212401951701563 0.245197949478105
0.29383502170767 0.175397973950796 0.224775687409551 0.305991316931983
0.356807051909892 0.172967678746327 0.174926542605289 0.295298726738492
0.387569573283859 0.163079777365492 0.180890538033395 0.268460111317254
0.371451743714517 0.182481751824818 0.207948094079481 0.238118410381184
0.229157175398633 0.178587699316629 0.222323462414579 0.369931662870159
0.370875303924974 0.16394581451893 0.216481417158736 0.24869746439736
0.356617647058824 0.176090263691684 0.168103448275862 0.299188640973631
0.374423826970807 0.186384588110152 0.170192648623094 0.268998936295946
0.30741116751269 0.159187817258883 0.199086294416244 0.334314720812183
0.308965699907297 0.202820818434644 0.168851807707588 0.31936167395047
0.331700091157703 0.218664539653601 0.191545123062899 0.258090246125798
0.333849443338494 0.203494802034948 0.231364742313647 0.23129101231291
0.220484004852819 0.193474235361727 0.213971010791137 0.372070748994317
0.341737221699592 0.192285983066792 0.189651928504233 0.276324866729382
0.286984303375469 0.229754132518405 0.165022919849979 0.318238644256147
0.251606683804627 0.264567266495287 0.15745501285347 0.326371036846615
0.264014175257732 0.22229381443299 0.177512886597938 0.33617912371134
0.372611464968153 0.155579146025006 0.16206652512385 0.309742863882991
0.358640226628895 0.171388101983003 0.143342776203966 0.326628895184136
0.321556457388398 0.215325853425639 0.165433277631893 0.29768441155407
0.19439085917792 0.234010980857694 0.182222881733195 0.389375278231192
0.332233065442021 0.188145809414466 0.187141216991963 0.29247990815155
0.329449394562486 0.179118117432031 0.150331277130455 0.341101210875029
0.278968923151048 0.217297036858588 0.15104794025536 0.352686099735004
0.319711891812436 0.165368219902984 0.163457298250772 0.351462590033809
0.304288046747443 0.237604193520667 0.167397095471341 0.290710664260548
0.326626170589724 0.205391040242976 0.178942039989876 0.289040749177423
0.286768473916163 0.253151583478528 0.20293122886133 0.257148713743979
0.224050294275013 0.225521669341894 0.212680577849117 0.337747458533975
0.345435827041867 0.159368565545642 0.24557309540151 0.249622512010981
0.325183823529412 0.182720588235294 0.208088235294118 0.284007352941176
0.317203661871359 0.192961597907502 0.248484127927714 0.241350612293425
0.265078790074262 0.173790979894947 0.254573446839341 0.306556783191451
0.344810253832621 0.156697662729329 0.205579291279216 0.292912792158834
0.367578017122342 0.163490748412041 0.193592930129798 0.275338304335819
0.30912245909767 0.194348041646009 0.220376797223599 0.276152702032722
0.225555707077594 0.189417700804582 0.223782899222692 0.361243692895132
0.375070741369553 0.135257498585173 0.208545557441992 0.281126202603282
0.359773371104816 0.167705382436261 0.175637393767705 0.296883852691218
0.339838172298905 0.143979057591623 0.226320799619229 0.289861970490243
0.311066952002446 0.134362580250688 0.211250382146133 0.343320085600734
0.336200094682026 0.173820419756983 0.196859712797854 0.293119772763137
0.327765404602821 0.184484038604306 0.214179658500371 0.273570898292502
0.297056295659648 0.177696605070907 0.254189944134078 0.271057155135367
0.233183093800493 0.189046687643507 0.245003826856025 0.332766391699974
0.372516108072987 0.185121013590341 0.176349558720017 0.266013319616655
0.297027766914353 0.215389127884239 0.178040672663277 0.309542432538131
0.264220679707924 0.249256287749031 0.165239340124403 0.321283692418642
0.274080882352941 0.187683823529412 0.19656862745098 0.341666666666667
0.34771329746349 0.193312836279785 0.175249807840123 0.283724058416603
0.375229694965086 0.175670709298052 0.153436236677692 0.295663359059169
0.284864507600793 0.216622604097819 0.18291473892928 0.315598149372108
0.23679060665362 0.21733624956832 0.183262346034304 0.362610797743755
0.33725061492211 0.183292338526009 0.186845221827457 0.292611824724424
0.309583333333333 0.173194444444444 0.155972222222222 0.36125
0.306593532167752 0.150725631356416 0.163181350702777 0.379499485773055
0.293675406446763 0.165961845691194 0.19180528145851 0.348557466403534
0.319905213270142 0.213207782489399 0.163818907458219 0.30306809678224
0.339493988874933 0.208325856809618 0.175668401220169 0.276511753095281
0.302294734049609 0.203342618384401 0.220984215413185 0.273378432152805
0.258787472464323 0.190211665549277 0.229096829805574 0.321904032180826
0.334977033234261 0.182518238313969 0.199270467441232 0.283234261010538
0.319497168461012 0.170639118800174 0.264173252847097 0.245690459891717
0.266451068616423 0.235517435320585 0.227924634420697 0.270106861642295
0.316462081721877 0.145157222128804 0.222633260467463 0.315747435681856
0.348961821835231 0.190281921695184 0.185654265359557 0.275101991110029
0.381232822928936 0.159795838241068 0.191048292108363 0.267923046721633
0.322701498582422 0.220230862697448 0.17314702308627 0.28392061563386
0.278510784763653 0.173703533731069 0.215178981184029 0.332606700321248
0.350700768073482 0.162879087813762 0.205004355055824 0.281415789056932
0.370882403140468 0.141150366956819 0.208653353814644 0.27931387608807
0.32614590058102 0.169141381536475 0.186313750806972 0.318398967075533
0.326364614143587 0.135251411669804 0.257999462221027 0.280384511965582
0.310030902864779 0.186795289401153 0.163200534536039 0.339973273198029
0.330742375337593 0.192806797971148 0.208879520453198 0.267571306238061
0.290224098733355 0.212926274764534 0.207859694706073 0.288989931796038
0.268349196164403 0.180943214629451 0.201440131180266 0.34926745802588
0.334686555891239 0.215162386706949 0.191795694864048 0.258355362537764
0.275072939460248 0.25209700948213 0.155178701677608 0.317651349380015
0.265226661722444 0.259386298322054 0.173078705849634 0.302308334105868
0.242351920156216 0.245606422217401 0.171241050119332 0.340800607507051
0.354284487078531 0.192068150905577 0.154699692175532 0.298947669840361
0.353878702397743 0.201410437235543 0.147249647390691 0.297461212976023
0.287442713107241 0.212282309807516 0.170485792850596 0.329789184234647
0.190641509433962 0.239094339622642 0.15977358490566 0.410490566037736
0.324868180350802 0.185515979769719 0.187775745184548 0.301840094694932
0.310482719223079 0.178091973721794 0.129105969722936 0.382319337332191
0.253393665158371 0.217679379444085 0.156108597285068 0.372818358112476
0.258140288352503 0.185485177385388 0.162076786003564 0.394297748258545
0.296917209597966 0.232877800730971 0.171937072938185 0.298267916732878
0.279996542185339 0.230636237897649 0.17859612724758 0.310771092669433
0.288407258064516 0.23679435483871 0.200403225806452 0.274395161290323
0.186929716399507 0.266831072749692 0.191516646115906 0.354722564734895
0.32954128440367 0.173577981651376 0.230091743119266 0.266788990825688
0.343998467286139 0.169173292460964 0.187470064182393 0.299358176070505
0.283998246383165 0.226304252520824 0.203068829460763 0.286628671635248
0.28120974516942 0.163035564267712 0.260711285354242 0.295043405208625
0.358032786885246 0.162404371584699 0.193078324225865 0.286484517304189
0.359134675503314 0.158809553582593 0.187320245091909 0.294735525822183
0.302364394993046 0.200556328233658 0.177746870653686 0.319332406119611
0.266609410465616 0.172566100239249 0.233912029936814 0.326912459358322
0.358983536148891 0.146170365068003 0.208017179670723 0.286828919112384
0.337802869912962 0.156551399670666 0.168313338038109 0.337332392378264
0.323909114381616 0.163439194422928 0.198166795765556 0.314484895429899
0.320546678991153 0.137924204410405 0.256701439323914 0.284827677274528
0.325379874290596 0.185390858607433 0.186855434185635 0.302373832916336
0.35068359375 0.17275390625 0.193359375 0.283203125
0.281121878494223 0.192508386134924 0.224375698844577 0.301994036526277
0.240074818798223 0.171241524433014 0.235632452653729 0.353051204115034
0.351324943328383 0.200500273587118 0.1713437035879 0.2768310794966
0.286836301038248 0.22922158265641 0.173651083974393 0.310291032330948
0.272535005834306 0.258240956826138 0.167517502917153 0.301706534422404
0.285329951189515 0.17933048925785 0.183135401053077 0.352204158499558
0.351556045166621 0.169925640319471 0.17084366106674 0.307674653447168
0.340207584288719 0.179838545553219 0.139746285869344 0.340207584288719
0.257111224663601 0.19715551013456 0.177738034406404 0.367995230795435
0.220216785998409 0.212360779634049 0.176809864757359 0.390612569610183
0.359763258020574 0.169993893560054 0.189205693080934 0.281037155338438
0.306703282985894 0.171264511296967 0.159031331918612 0.363000873798527
0.307525010874293 0.196296526440067 0.172248803827751 0.323929658857889
0.271920668058455 0.172850635794268 0.17897134181059 0.376257354336686
0.302435906062849 0.231478366193392 0.163313370567257 0.302772357176502
0.309548431575319 0.216864874181317 0.174120992761117 0.299465701482247
0.282932279819626 0.217446825491839 0.217446825491839 0.282174069196696
0.23621597161026 0.195512896849025 0.196941910591374 0.371329220949341
