0.323048222561111 0.190750803215824 0.184465731925793 0.301735242297271
0.332679409543833 0.179594616603248 0.186323862542752 0.301402111310167
0.32131594142817 0.186945707052013 0.199249344842392 0.292489006677426
0.31189943885936 0.202166091707259 0.182007965532047 0.303926503901334
0.31627455915666 0.171695710753468 0.173605661746199 0.338424068343673
0.339815815578686 0.158910883759494 0.178573014909462 0.322700285752358
0.342295790704905 0.181830295672258 0.16495906190314 0.310914851719696
0.35937430597711 0.16089486386047 0.167646318532447 0.312084511629973
0.342355013991501 0.159976902918227 0.181948742245451 0.31571934084482
0.305755022874994 0.19320856960957 0.180779082335174 0.320257325180261
0.284397625146207 0.197198738543995 0.199982233014021 0.318421403295776
0.271087191483691 0.205601042329844 0.227439629262226 0.295872136924239
0.283990465050858 0.228076279593136 0.209976162627145 0.277957092728861
0.300809878444204 0.212063783479664 0.203024829362906 0.284101508713226
0.319605869027702 0.189795827719459 0.201729319968612 0.288868983284227
0.335862661198383 0.186457114937593 0.170563065397314 0.307117158466709
0.320442397950874 0.162819620674849 0.138278971291512 0.378459010082765
0.343872610710531 0.1552316370797 0.156171806754416 0.344723945455353
0.306917279874447 0.189625560770495 0.183740246664989 0.31971691269007
0.299943737877734 0.202565848891784 0.174190491701337 0.323299921529145
0.298744466324159 0.187530537007151 0.217238418146015 0.296486578522675
0.295590826312906 0.226677129447299 0.21076827408537 0.266963770154425
0.306132571327046 0.211227254556492 0.212678225078101 0.269961949038362
0.282147140255548 0.212619001791504 0.210087206289513 0.295146651663434
0.269673235516205 0.232703098858471 0.200811359026369 0.296812306598955
0.353044817222132 0.185805658785034 0.166646925571135 0.294502598421699
0.365533527783124 0.165802993737137 0.174353355739477 0.294310122740261
0.34573074132749 0.194733569239425 0.181067795857331 0.278467893575754
0.310248589745488 0.196806384270295 0.197916820893975 0.295028205090241
0.358352704283324 0.167305784634518 0.205482595756652 0.268858915325506
0.308249803822863 0.189351653069987 0.211982351460594 0.290416191646555
0.298522378999423 0.180668038672806 0.194948253653336 0.325861328674435
0.298500170266949 0.201862572363453 0.218459898432063 0.281177358937534
0.308901259975422 0.213833079166728 0.226047882027213 0.251217778830636
0.292118861136199 0.209065604595727 0.203128470114449 0.295687064153625
0.30718378466413 0.197102500703277 0.219363053552657 0.276350661079937
0.341288994832768 0.186316459631927 0.157874476244059 0.314520069291245
0.319280140951422 0.148946565789669 0.147495595268059 0.38427769799085
0.324380746509528 0.160287825172858 0.176322530018803 0.339008898298811
0.300239854310715 0.191387453546735 0.183214639996447 0.325158052146104
0.307287425415673 0.190040123776669 0.20551220739995 0.297160243407708
0.298848107075702 0.193823011208007 0.237411350142876 0.269917531573415
0.305199804563154 0.22114715506137 0.21651293288521 0.257140107490265
0.30063961149524 0.220236597029952 0.205697280170563 0.273426511304245
0.309782206363542 0.201751528701085 0.190240002368931 0.298226262566441
0.312269584400586 0.213833079166728 0.144045838823826 0.32985149760886
0.336351253312803 0.170503842110718 0.187945100013325 0.305199804563154
0.33949749041323 0.181045587124857 0.176026413585822 0.30343050887609
0.314468248915474 0.182407722716572 0.161227994847574 0.34189603352038
0.357368117143661 0.158629573148162 0.207858930131328 0.27614337957685
0.36776180394131 0.162442072222798 0.188219007713833 0.281577116122059
0.271383307916673 0.222287203328349 0.176618646451785 0.329710842303194
0.280703572644764 0.196117913563613 0.19529619046209 0.327882323329533
0.281495684102989 0.207829318488029 0.206526406182911 0.30414859122607
0.23447979745636 0.240498363956708 0.195037088583231 0.329984750003701
0.334337661568529 0.163271198235146 0.197835388874906 0.30455575132142
0.238825306110363 0.19696184539761 0.234442782902237 0.32977006558979
0.332294458180957 0.237285500658859 0.16823855139841 0.262181489761774
0.407900386431945 0.116884559008602 0.169482240416932 0.305732814142521
0.33065101197791 0.154831879895175 0.16136865015324 0.353148457973675
0.293125657008336 0.225966450008143 0.147584430197954 0.333323462785567
0.318502835314846 0.180001776698598 0.223989872817992 0.277505515168564
0.26584593061992 0.14963503649635 0.275373476851098 0.309145556032632
0.38532150841711 0.17972786899809 0.218955893457307 0.215994729127493
0.333071763817533 0.174449593580196 0.131327638027272 0.361151004574999
0.31420174412579 0.178010393686798 0.160265616440384 0.347522245747028
0.263402970047823 0.247197998252913 0.243459528286522 0.245939503412742
0.32394397477088 0.181660028723294 0.21220443878533 0.282191557720496
0.297700655897899 0.154957729379192 0.140818169704328 0.406523445018581
0.302172014035919 0.205119853126249 0.137079699737937 0.355628433099895
0.62003079610903 0.0888497357160836 0.154920714825069 0.136198753349817
0.297463762751514 0.219577737966568 0.264654061977169 0.218304437304748
0.341792392768837 0.226647517804001 0.213026161886854 0.218533927540309
0.30127626182615 0.19872373817385 0.19872373817385 0.30127626182615
0.218533927540309 0.213026161886854 0.226647517804001 0.341792392768837
0.218304437304748 0.264654061977169 0.219577737966568 0.297463762751514
0.136198753349817 0.154920714825069 0.0888497357160836 0.62003079610903
0.355628433099895 0.137079699737937 0.205119853126249 0.302172014035919
0.406523445018581 0.140818169704328 0.154957729379192 0.297700655897899
0.282191557720496 0.21220443878533 0.181660028723294 0.32394397477088
0.245939503412742 0.243459528286522 0.247197998252913 0.263402970047823
0.347522245747028 0.160265616440384 0.178010393686798 0.31420174412579
0.361151004574999 0.131327638027272 0.174449593580196 0.333071763817533
0.215994729127493 0.218955893457307 0.17972786899809 0.38532150841711
0.309145556032632 0.275373476851098 0.14963503649635 0.26584593061992
0.277505515168564 0.223989872817992 0.180001776698598 0.318502835314846
0.333323462785567 0.147584430197954 0.225966450008143 0.293125657008336
0.353148457973675 0.16136865015324 0.154831879895175 0.33065101197791
0.305732814142521 0.169482240416932 0.116884559008602 0.407900386431945
0.262181489761774 0.16823855139841 0.237285500658859 0.332294458180957
0.32977006558979 0.234442782902237 0.19696184539761 0.238825306110363
0.30455575132142 0.197835388874906 0.163271198235146 0.334337661568529
0.329984750003701 0.195037088583231 0.240498363956708 0.23447979745636
0.30414859122607 0.206526406182911 0.207829318488029 0.281495684102989
0.327882323329533 0.19529619046209 0.196117913563613 0.280703572644764
0.329710842303194 0.176618646451785 0.222287203328349 0.271383307916673
0.281577116122059 0.188219007713833 0.162442072222798 0.36776180394131
0.27614337957685 0.207858930131328 0.158629573148162 0.357368117143661
0.34189603352038 0.161227994847574 0.182407722716572 0.314468248915474
0.30343050887609 0.176026413585822 0.181045587124857 0.33949749041323
0.305199804563154 0.187945100013325 0.170503842110718 0.336351253312803
0.32985149760886 0.144045838823826 0.213833079166728 0.312269584400586
0.298226262566441 0.190240002368931 0.201751528701085 0.309782206363542
0.273426511304245 0.205697280170563 0.220236597029952 0.30063961149524
0.257140107490265 0.21651293288521 0.22114715506137 0.305199804563154
0.269917531573415 0.237411350142876 0.193823011208007 0.298848107075702
0.297160243407708 0.20551220739995 0.190040123776669 0.307287425415673
0.325158052146104 0.183214639996447 0.191387453546735 0.300239854310715
0.339008898298811 0.176322530018803 0.160287825172858 0.324380746509528
0.38427769799085 0.147495595268059 0.148946565789669 0.319280140951422
0.314520069291245 0.157874476244059 0.186316459631927 0.341288994832768
0.276350661079937 0.219363053552657 0.197102500703277 0.30718378466413
0.295687064153625 0.203128470114449 0.209065604595727 0.292118861136199
0.251217778830636 0.226047882027213 0.213833079166728 0.308901259975422
0.281177358937534 0.218459898432063 0.201862572363453 0.298500170266949
0.325861328674435 0.194948253653336 0.180668038672806 0.298522378999423
0.290416191646555 0.211982351460594 0.189351653069987 0.308249803822863
0.268858915325506 0.205482595756652 0.167305784634518 0.358352704283324
0.295028205090241 0.197916820893975 0.196806384270295 0.310248589745488
0.278467893575754 0.181067795857331 0.194733569239425 0.34573074132749
0.294310122740261 0.174353355739477 0.165802993737137 0.365533527783124
0.294502598421699 0.166646925571135 0.185805658785034 0.353044817222132
0.296812306598955 0.200811359026369 0.232703098858471 0.269673235516205
0.295146651663434 0.210087206289513 0.212619001791504 0.282147140255548
0.269961949038362 0.212678225078101 0.211227254556492 0.306132571327046
0.266963770154425 0.21076827408537 0.226677129447299 0.295590826312906
0.296486578522675 0.217238418146015 0.187530537007151 0.298744466324159
0.323299921529145 0.174190491701337 0.202565848891784 0.299943737877734
0.31971691269007 0.183740246664989 0.189625560770495 0.306917279874447
0.344723945455353 0.156171806754416 0.1552316370797 0.343872610710531
0.378459010082765 0.138278971291512 0.162819620674849 0.320442397950874
0.307117158466709 0.170563065397314 0.186457114937593 0.335862661198383
0.288868983284227 0.201729319968612 0.189795827719459 0.319605869027702
0.284101508713226 0.203024829362906 0.212063783479664 0.300809878444204
0.277957092728861 0.209976162627145 0.228076279593136 0.283990465050858
0.295872136924239 0.227439629262226 0.205601042329844 0.271087191483691
0.318421403295776 0.199982233014021 0.197198738543995 0.284397625146207
0.320257325180261 0.180779082335174 0.19320856960957 0.305755022874994
0.31571934084482 0.181948742245451 0.159976902918227 0.342355013991501
0.312084511629973 0.167646318532447 0.16089486386047 0.35937430597711
0.310914851719696 0.16495906190314 0.181830295672258 0.342295790704905
0.322700285752358 0.178573014909462 0.158910883759494 0.339815815578686
0.338424068343673 0.173605661746199 0.171695710753468 0.31627455915666
0.303926503901334 0.182007965532047 0.202166091707259 0.31189943885936
0.292489006677426 0.199249344842392 0.186945707052013 0.32131594142817
0.301402111310167 0.186323862542752 0.179594616603248 0.332679409543833
0.301735242297271 0.184465731925793 0.190750803215824 0.323048222561111
