0.448701298701299 0.129247283328916 0.185807050092764 0.236244367877021
0.34053494136362 0.192334726795161 0.181384336502534 0.285745995338685
0.367322325915291 0.17794687724336 0.209791816223977 0.244938980617373
0.29075229924351 0.182924946516398 0.2087955713372 0.317527182902891
0.398721712310951 0.150496079670023 0.201367470551076 0.24941473746795
0.366627343033163 0.195241840346048 0.167780836282606 0.270349980338183
0.333173570694968 0.198219787743923 0.215405682985279 0.25320095857583
0.237005662722711 0.18898761567147 0.215966115740528 0.358040605865292
0.432262451130376 0.135758399909343 0.196979998866791 0.23499915009349
0.335885332719318 0.20112825236012 0.175224499194105 0.287761915726456
0.349517005433689 0.201147112094989 0.199436506339304 0.249899376132019
0.275050943563391 0.171303269247807 0.209134402409852 0.344511384778949
0.337725985624047 0.173273796558484 0.170605532563712 0.318394685253757
0.331348560264223 0.205424012652928 0.154812299390613 0.308415127692236
0.337771001450299 0.184522702763006 0.236584730950876 0.241121564835819
0.220434266852339 0.19621950590541 0.212079013873846 0.371267213368405
0.343076578927746 0.188352844679741 0.196741480873909 0.271829095518604
0.31105527638191 0.265661641541039 0.157370184254606 0.265912897822446
0.31880811783072 0.23118170094346 0.189710174438336 0.260300006787484
0.263536823158842 0.222588870556472 0.189690515474226 0.32418379081046
0.343866659656133 0.207161259792839 0.185814185814186 0.263157894736842
0.35297131147541 0.17827868852459 0.177459016393443 0.291290983606557
0.278447264583556 0.217446944651808 0.205609469979738 0.298496320784899
0.203984537615225 0.220636336604222 0.206140350877193 0.36923877490336
0.358658806190125 0.179587324981577 0.176344878408253 0.285408990420044
0.293362883471364 0.223842295579144 0.199463431704188 0.283331389245305
0.292409240924092 0.228822882288229 0.170847084708471 0.307920792079208
0.263082820718552 0.200410091824909 0.206828920388696 0.329678167067843
0.293225667262529 0.234235344880725 0.165875608703692 0.306663379153054
0.303689120944963 0.217238722930754 0.148249593426346 0.330822562697937
0.279442655090324 0.225528637445736 0.226508892312001 0.26851981515194
0.180408707241226 0.233407374500222 0.207241226121724 0.378942692136828
0.398501324018255 0.148994309538566 0.230153811482337 0.222350554960843
0.349320608217405 0.21085409252669 0.197751536719508 0.242073762536396
0.348192981435139 0.189198626549497 0.237676773555258 0.224931618460106
0.261552225452919 0.186803847014091 0.25506598076493 0.296577946768061
0.342106706146844 0.169819597521522 0.238909908427921 0.249163787903712
0.361474778590682 0.185983827493261 0.199075856757797 0.25346553715826
0.280599158715502 0.225094900995178 0.245101056735406 0.249204883553914
0.214853170662505 0.191871187402468 0.238686338487729 0.354589303447297
0.410282543457335 0.150274616386388 0.185097106619104 0.254345733537172
0.333911034084344 0.208068553822453 0.204506065857886 0.253514346235317
0.30685174246899 0.223370742272101 0.189899586532782 0.279877928726127
0.27268670038679 0.170708122582565 0.249776852127343 0.306828324903303
0.325188876386433 0.185286395541981 0.208219471681938 0.281305256389648
0.353622382805262 0.187326292384658 0.181767648693719 0.277283676116361
0.324798137775515 0.191532698043209 0.252709682112461 0.230959482068815
0.211505688360739 0.201833172124729 0.230896780433881 0.35576435908065
0.354395688991532 0.16788298691301 0.169699769053118 0.30802155504234
0.312906932209881 0.225802921704875 0.174043880286699 0.287246265798545
0.321046091947222 0.216851073900953 0.167741553754216 0.29436128039761
0.298294970161978 0.187325944870702 0.1820687695368 0.33231031543052
0.348029127750514 0.174172866867184 0.170413170808928 0.307384834573373
0.352929183090934 0.179488922114993 0.162294413483757 0.305287481310317
0.299030172413793 0.217056650246305 0.185806650246305 0.298106527093596
0.218055865921788 0.201832402234637 0.209385474860335 0.37072625698324
0.358696869052506 0.176251072881293 0.175206179796246 0.289845878269956
0.307548928238583 0.216482492344561 0.173478897616829 0.302489681800027
0.317029987827819 0.224189443399358 0.181863450260042 0.276917118512781
0.261856081384332 0.201565850496185 0.201865057597367 0.334713010522116
0.277832651333427 0.194087766332722 0.17521518272894 0.35286439960491
0.30883813306852 0.21458126448196 0.149991724594505 0.326588877855015
0.305662682805758 0.201267707816259 0.214670281415862 0.278399327962122
0.198300719772842 0.215095419427263 0.194206599018291 0.392397261781603
0.365236064302544 0.166751170628411 0.204867428196487 0.263145336872558
0.360766752225438 0.185680738353995 0.179782644312162 0.273769865108405
0.378407241659886 0.176566314076485 0.207790886899919 0.23723555736371
0.292188157844376 0.161901481226318 0.231140199793317 0.31477016113599
0.324278557821209 0.178296761447823 0.211811190291399 0.285613490439568
0.376890595009597 0.172207293666027 0.193090211132438 0.257811900191939
0.291247484909457 0.200326961770624 0.216675050301811 0.291750503018109
0.260142503998837 0.174349280209394 0.222262614512142 0.343245601279628
0.387226362366092 0.145551932929669 0.194457382394038 0.2727643223102
0.37058196221816 0.184110298598416 0.188985374771481 0.256322364411944
0.324794586756887 0.201063315611406 0.206089898501692 0.268052199130014
0.304202149937177 0.154963004327796 0.213388245148681 0.327446600586347
0.30428044674825 0.190669587986961 0.16266766419067 0.34238230107412
0.340398074154961 0.179580086365216 0.197002035042438 0.283019804437385
0.30378590995294 0.190278850881506 0.239446512607993 0.266488726557561
0.236901796006396 0.186516937493028 0.224556576060685 0.352024690439891
0.345227104874446 0.187269202363368 0.207994830132939 0.259508862629247
0.291200386442315 0.263988406730537 0.165123581032123 0.279687625795025
0.31482254697286 0.232484342379958 0.182546972860125 0.270146137787056
0.227901316517314 0.231607478703396 0.18857174466202 0.35191946011727
0.326075596585961 0.196829820588748 0.190820414561923 0.286274168263369
0.337243401759531 0.192159283840099 0.17286618305294 0.29773113134743
0.253140265177948 0.258897418004187 0.217027215631542 0.270935101186322
0.189675516224189 0.210914454277286 0.209636184857424 0.389773844641101
0.357134454770027 0.166921538642513 0.191977414421833 0.283966592165628
0.285254824344384 0.248886689757546 0.170336467095497 0.295522018802573
0.296083471949191 0.224255254801149 0.18811432027824 0.29154695297142
0.246608580566891 0.216389103341789 0.190029778316974 0.346972537774347
0.308045731381558 0.225878833208676 0.163158457100118 0.302916978309648
0.2740225314778 0.226308813783963 0.161365142478463 0.338303512259775
0.2805776313239 0.236673773987207 0.21186276410157 0.270885830587323
0.186254330036648 0.241829409106883 0.205130779657613 0.366785481198855
0.365571972385315 0.158010194206078 0.242531776243629 0.233886057164978
0.338081056584229 0.17169493720057 0.236177651171824 0.254046355043377
0.345233668030247 0.198586835254742 0.241477624891533 0.214701871823478
0.283365495947511 0.153377074488614 0.306368197607101 0.256889231956773
0.321511260787203 0.174700063144601 0.229530625131551 0.274258050936645
0.341814991225871 0.190022562045625 0.201930308347957 0.266232138380546
0.273884349465745 0.241043368950346 0.21637335009428 0.268698931489629
0.25412270818396 0.179965174638943 0.25412270818396 0.311789408993137
0.390593693978699 0.151323420858378 0.206263840556786 0.251819044606137
0.330288214101904 0.196345856922285 0.207282552753474 0.266083376222337
0.282540784449844 0.222492190211732 0.194376952447067 0.300590072891357
0.306869248876525 0.150117697410657 0.269099079820244 0.273913973892574
0.293739814015914 0.200556034895983 0.200747771067012 0.304956380021091
0.364722046079053 0.184104840414289 0.192771084337349 0.258402029169309
0.285607008760951 0.22252816020025 0.256695869837297 0.235168961201502
0.233634003006697 0.20636873035397 0.224955582889162 0.335041683750171
0.358217003175364 0.17476484332874 0.169432628362591 0.297585525133305
0.286427708417237 0.231896898912606 0.168666935159082 0.313008457511075
0.324338794303459 0.224006852982118 0.163507870221651 0.288146482492772
0.241462838237032 0.208495805269999 0.179841663712631 0.370199692780338
0.341222879684418 0.166768686662586 0.172685846425899 0.319322587227096
0.355569484240688 0.176575931232092 0.175143266475645 0.292711318051576
0.301191362620998 0.199305038471085 0.20253164556962 0.296971953338297
0.212316443206222 0.190260607115909 0.193859190899066 0.403563758778803
0.37794701986755 0.168741721854305 0.168145695364238 0.285165562913907
0.290048914704983 0.210256802201162 0.166692143075512 0.333002140018343
0.32033008252063 0.202467283487539 0.182628990580979 0.294573643410853
0.235952028028568 0.196671607600054 0.202263845842878 0.3651125185285
0.28040293040293 0.210500610500611 0.172649572649573 0.336446886446886
0.294533207376679 0.215509097630098 0.15439273832505 0.335564956668173
0.308105642013484 0.195975059563035 0.228417904394992 0.267501394028489
0.192705794649769 0.208332138658715 0.1969492788944 0.402012787797116
0.427257710608713 0.152683612336974 0.179137595226942 0.240921081827371
0.335503285635325 0.209912178345514 0.185469508075907 0.269115027943254
0.396962317883528 0.187378760988898 0.198811341780511 0.216847579347063
0.288703449993773 0.187154896832316 0.208245111470918 0.315896541702993
0.358554642396251 0.168647694084086 0.198261223935339 0.274536439584324
0.363604405905789 0.203070072650574 0.164401218654793 0.268924302788845
0.34483125731928 0.206962631747046 0.20887895241137 0.239327158522304
0.235632717482128 0.199238696499861 0.206108996379166 0.359019589638845
0.404052649809491 0.145999307239349 0.189239117884771 0.26070892506639
0.339411646181745 0.21106185774733 0.177009873060649 0.272516623010276
0.379184620483924 0.197132913490222 0.17774279085184 0.245939675174014
0.25982028241335 0.183654257595208 0.205220367993154 0.351305091998288
0.326593708593022 0.176718849683467 0.173185454188546 0.323501987534966
0.322972765040775 0.202877365748577 0.15286967225727 0.321280196953377
0.389525612916085 0.17998804066175 0.208640621885589 0.221845724536576
0.205708156507951 0.210231777269972 0.197267173436553 0.386792892785524
0.343917525773196 0.185103092783505 0.199278350515464 0.271701030927835
0.292066081990618 0.258107281256374 0.181317560677136 0.268509076075872
0.307326063584703 0.257794501612655 0.187528797419751 0.24735063738289
0.248301132578281 0.240639573617588 0.180479680213191 0.330579613590939
0.339856115107914 0.193884892086331 0.174748201438849 0.291510791366906
0.325097880383421 0.19549075199136 0.173079519373566 0.306331848251654
0.252135645871085 0.286694279057727 0.191949262231426 0.269220812839762
0.182424593967517 0.229988399071926 0.20108275328693 0.386504253673627
0.333513338373474 0.188465277027757 0.173452856679987 0.304568527918782
0.276495893625342 0.237517924651284 0.19997392777995 0.286012253943423
0.289763584602055 0.274167594999381 0.183686099764822 0.252382720633742
0.248422528628184 0.227155877541482 0.18614162187427 0.338279971956065
0.304981672775741 0.215428190603132 0.174275241586138 0.305314895034988
0.300040192926045 0.212319131832797 0.160972668810289 0.326668006430868
0.270107033639144 0.256651376146789 0.212844036697248 0.26039755351682
0.180470642519322 0.261852578152036 0.200253777829046 0.357423001499596
0.387807645313318 0.156920928608832 0.228966660848316 0.226304765229534
0.354166666666667 0.205290262172285 0.203885767790262 0.236657303370787
0.337253141831239 0.18967684021544 0.24524236983842 0.227827648114901
0.271653812026483 0.179987714149205 0.246945600982868 0.301412872841444
0.354866293532338 0.178482587064677 0.213852611940299 0.252798507462687
0.350042275637154 0.204614083826549 0.184321777992511 0.261021862543785
0.277624309392265 0.228779507785033 0.252636865896534 0.240959316926168
0.22736923373866 0.202181046130091 0.233256128160587 0.337193591970662
0.402897986968783 0.148497520178936 0.191772828940971 0.25683166391131
0.308127018299246 0.227933261571582 0.203982777179763 0.259956942949408
0.316843889659424 0.223146863923563 0.191863153028202 0.268146093388812
0.287032291132752 0.177652485904664 0.229933367503844 0.305381855458739
0.341489866467837 0.183623669762082 0.195146749813597 0.279739713956483
0.334308790822896 0.205314292403137 0.155214795739202 0.305162121034765
0.306569906585347 0.195398749324481 0.253145989346097 0.244885354744075
0.20789664491464 0.225298266429372 0.224111792235186 0.342693296420803
0.362163547808254 0.178979748782364 0.176775185849782 0.2820815175596
0.280700226441387 0.235934506183592 0.182198223306044 0.301167044068978
0.317323909726126 0.207694161111557 0.16978555939282 0.305196369769496
0.260249262053132 0.196840494151088 0.195036624029737 0.347873619766044
0.325565822954332 0.187558591134324 0.170617383152538 0.316258202758805
0.343465045592705 0.178512976385317 0.167757774140753 0.310264203881225
0.278035576179428 0.224929105439546 0.182907965970611 0.314127352410415
0.206191399935338 0.204413191076625 0.202069188490139 0.387326220497898
0.343934760448522 0.190349983010533 0.166632687733605 0.299082568807339
0.283013113754193 0.233404493239809 0.168750635356308 0.31483175764969
0.283354817918144 0.21712858524009 0.182081856268128 0.317434740573638
0.242601571643538 0.207573984283565 0.211252298946664 0.338572145126233
0.292742560677441 0.208181763969229 0.173951935118373 0.325123740234957
0.305514705882353 0.220343137254902 0.150061274509804 0.324080882352941
0.305897141607914 0.196261682242991 0.221730338306826 0.276110837842269
0.203424936198543 0.229056478159559 0.206790694233828 0.36072789140807
0.366363229368751 0.164154603790479 0.200596925831965 0.268885241008805
0.335970024979184 0.18758177709052 0.203342452717973 0.273105745212323
0.334473073635364 0.191048968127977 0.226523385028697 0.247954573207962
0.320036583649923 0.155163922892922 0.22411003236246 0.300689461094695
0.351995996886467 0.161347714889358 0.194706994328922 0.291949293895252
0.370132937445172 0.188946622579121 0.193535326270329 0.247385113705378
0.299588162053443 0.203620342879035 0.214155732209558 0.282635762857964
0.270773024552375 0.162753296880026 0.233622815481934 0.332850863085665
0.379692307692308 0.142713286713287 0.204643356643357 0.272951048951049
0.348894959026571 0.195016968793974 0.205363794387882 0.250724277791574
0.301756253326237 0.200851516764236 0.205321979776477 0.292070250133049
0.30959239963224 0.155562365920932 0.21930738584125 0.315537848605578
0.284048852701702 0.17620281273131 0.151258327165063 0.388490007401925
0.342202729044834 0.193957115009747 0.178898635477583 0.284941520467836
0.297676410750616 0.199539565263947 0.220580361923118 0.282203662062319
0.246765575415661 0.188613740540834 0.207057419512327 0.357563264531178
0.343956263750917 0.186579105273685 0.202613507567171 0.266851123408227
0.272764282806351 0.269439544035826 0.154837834170172 0.302958338987651
0.310456651224355 0.233818663136995 0.191594970218398 0.264129715420251
0.207578868769834 0.291842449131977 0.161470972559268 0.339107709538921
0.340985752403967 0.177062880733021 0.193475305845039 0.288476061017973
0.338681446907818 0.199922209257098 0.158304161804745 0.303092182030338
0.262560949756201 0.24814500741997 0.207547169811321 0.281746873012508
0.160006772773451 0.258268427587764 0.189637656620386 0.392087143018399
0.34978886756238 0.165604606525912 0.186333973128599 0.298272552783109
0.277099319139738 0.2389495298822 0.188371339025181 0.29557981195288
0.291858135972664 0.229527512666431 0.170967361847532 0.307646989513373
0.230865746549561 0.239058233079932 0.170935124363422 0.359140896007085
0.305180621674601 0.221282553906469 0.169644357322879 0.303892467096051
0.279509894155545 0.216118269673263 0.160204786010124 0.344167050161068
0.273368298368298 0.233216783216783 0.21969696969697 0.273717948717949
0.1550567522432 0.272240935209035 0.210620170398256 0.362082142149509
0.382482532888525 0.156920752816768 0.225687669163467 0.234909045131239
0.322492136786455 0.191126279863481 0.23094425483504 0.255437328515024
0.330521733215428 0.203115434324196 0.225018706210462 0.241344126249915
0.278639736518392 0.166580691242411 0.272132058251657 0.28264751398754
0.337415690450834 0.164714235001775 0.224529641462549 0.273340433084842
0.355101092261213 0.177395615462081 0.198853513052909 0.268649779223797
0.269724384599201 0.223122238586156 0.242583631390701 0.264569745423943
0.230529424633559 0.184259461824546 0.266079632465544 0.319131481076351
0.392744242059311 0.147423352902805 0.199257363640925 0.260575041396959
0.328272701231739 0.207533657977657 0.195287883128044 0.268905757662561
0.302317507160837 0.209009634580332 0.18965367589619 0.299019182362642
0.287308155675449 0.162537321250851 0.257136870776806 0.293017652296894
0.304507512520868 0.17935447968837 0.197885364496383 0.31825264329438
0.326159052453469 0.204805414551607 0.176717428087986 0.292318104906937
0.282799859303553 0.201477312697854 0.25444952514949 0.261273302849103
0.209820599487427 0.202912008320024 0.245366415332615 0.341900976859934
0.342066406693674 0.185855449967819 0.173891644266081 0.298186499072426
0.278572519472586 0.256478134704475 0.155984320114036 0.308965025708904
0.325313432835821 0.218567164179104 0.172119402985075 0.284
0.236678179351178 0.205223880597015 0.175588997162946 0.382508942888862
0.35903887281419 0.159170964901245 0.179487985910177 0.302302176374387
0.341492146596859 0.180759162303665 0.161605584642234 0.316143106457243
0.293046890075256 0.198623528655046 0.19527883192899 0.313050749340709
0.190138674884438 0.19607788205631 0.186328617453425 0.427454825605827
0.379407756987603 0.161587291036591 0.166738675263385 0.29226627671242
0.291534607913301 0.233360597075964 0.156170125754013 0.318934669256722
0.310959092787292 0.216886277030439 0.171892934208714 0.300261695973555
0.23503861003861 0.195983070983071 0.170626670626671 0.398351648351648
0.269002888022151 0.210319468842112 0.17801530354006 0.342662339595677
0.297488495055322 0.217541368843631 0.138695779888378 0.34627435621267
0.306435805292388 0.198152713017136 0.222119925158148 0.273291556532328
0.162131818782195 0.228899749042399 0.16174877823273 0.447219653942676
