0.380241885622883 0.163095290330558 0.198201414456495 0.258461409590063
0.316868865501705 0.221590136159583 0.18254782899049 0.278993169348223
0.341371664042898 0.204119254974255 0.201434410138094 0.253074670844754
0.269424717243452 0.196620699157054 0.209323764075201 0.324630819524293
0.348004413886767 0.173163568457686 0.195117562176386 0.283714455479161
0.35457831895894 0.185100796160748 0.176855033493478 0.283465851386835
0.290472321422948 0.218928128287008 0.211684900704798 0.278914649585246
0.216442821604001 0.198573756979229 0.214335532621952 0.370647888794817
0.383319348066029 0.158018432698367 0.185375008269297 0.273287210966307
0.314621986621229 0.215511801085447 0.182795868568303 0.28707034372502
0.315106047585658 0.216049219997997 0.185450155262312 0.283394577154034
0.265749540475268 0.187040990430346 0.210190321543673 0.337019147550713
0.301491640075417 0.19577434427648 0.176191444853644 0.326542570794458
0.314886815725926 0.207671861155991 0.160240440576084 0.317200882541999
0.307517424381239 0.203005069527862 0.228647922307959 0.26082958378294
0.197599797827441 0.219070682790061 0.203955498158359 0.379374021224139
