0.412681388689282 0.147937022061584 0.190778536878345 0.248603052370789
0.342944517256444 0.194120951132747 0.186219809024527 0.276714722586282
0.371149929016727 0.182190399769562 0.20922576795671 0.237433903257001
0.296839729119639 0.17328608186396 0.216822680705299 0.313051508311102
0.364896472902214 0.162161443797677 0.201153549690349 0.27178853360976
0.369935508345979 0.188277693474962 0.181676783004552 0.260110015174507
0.320222514599635 0.201878909586132 0.213535535396902 0.26436304041733
0.250596478511673 0.180317719186977 0.220561142822627 0.348524659478723
0.406812101946475 0.141323692369685 0.196337627740903 0.255526577942938
0.348296982372274 0.197191514789364 0.185520615476546 0.268990887361817
0.342617010377734 0.200667817640251 0.196550873664839 0.260164298317175
0.287504146187016 0.16640533124265 0.211847540934174 0.334242981636161
0.315463387707711 0.177722367093667 0.164664902830386 0.342149342368236
0.335392418232655 0.195318291176279 0.172403927433513 0.296885363157552
0.335646193570493 0.187561951613495 0.226525692328402 0.25026616248761
0.228926780024606 0.194627590775734 0.210826839963406 0.365618789236254
0.3437621939628 0.187289263309554 0.201486787997639 0.267461754730007
0.290149421143292 0.26547289989184 0.162941152906301 0.281436526058567
0.312699516701443 0.238403509710556 0.188415101742372 0.26048187184563
0.233978989641746 0.251561084310797 0.178110537013003 0.336349389034454
0.338739615981499 0.192998204667864 0.186623254115571 0.281638925235067
0.340332483781279 0.190685820203892 0.168935356811863 0.300046339202966
0.263988086192748 0.249916420995046 0.204935720147099 0.281159772665106
0.181374034237237 0.233430540827147 0.200064384184215 0.385131040751401
0.34997564539698 0.17486604968339 0.181641057432582 0.293517247487048
0.282860824742268 0.237640581068416 0.188525070290534 0.290973523898782
0.292769548324429 0.23943661971831 0.177058037882467 0.290735794074794
0.245729060855111 0.222042663219134 0.187805891587404 0.344422384338351
0.302114377413723 0.224064048530164 0.168709330417761 0.305112243638352
0.288243748203507 0.218415253425314 0.157209926224011 0.336131072147169
0.275118340036303 0.237249528419404 0.218279531622593 0.2693525999217
0.171628127057275 0.255276909150757 0.207146971691903 0.365947992100066
0.385850686381959 0.154440584771423 0.230499879256218 0.2292088495904
0.338683896530764 0.196312388842612 0.216528962831221 0.248474751795403
0.33965957283491 0.194642206060141 0.236552743182821 0.229145477922128
0.272924027692669 0.172948799853975 0.267878329574049 0.286248842879307
0.339820078182346 0.170959867533842 0.227582321913248 0.261637732370564
0.353906502147521 0.187666029444624 0.195834057449291 0.262593410958564
0.275558287236222 0.227792899581468 0.240670822723681 0.25597799045863
0.229715588444145 0.1895391860074 0.249803789662518 0.330941435885936
0.399784795641258 0.149020478573503 0.19467454610668 0.25652017967856
0.326580831179161 0.209261284549612 0.201680254523762 0.262477629747465
0.303397777263255 0.218771706413522 0.190553368835379 0.287277147487844
0.286943964124879 0.165694415414141 0.251847910768237 0.295513709692743
0.316625200069727 0.18609257879974 0.201353342947245 0.295928878183288
0.342881534901485 0.196018961604997 0.177439284671205 0.283660218822314
0.301205301725864 0.200516557882513 0.253974292235614 0.244303848156009
0.213826185806548 0.207717580042723 0.233838428002149 0.34461780614858
0.352832112728284 0.176313051718633 0.171863251032622 0.298991584520462
0.290569741487122 0.23905713245421 0.16850037201792 0.301872754040748
0.321922154844169 0.216700747426315 0.168840784092512 0.292536313637005
0.262290876962978 0.198867576785324 0.181548721748796 0.357292824502902
0.346626666365913 0.16967044864999 0.174362213249724 0.309340671734374
0.347721371959552 0.17906190215906 0.164747881934955 0.308468843946433
0.29381363606246 0.207942222320383 0.191841332243744 0.306402809373413
0.203876124768348 0.197601982718199 0.195748766383102 0.40277312613035
0.36683485151197 0.172270946914542 0.169787680742271 0.291106520831217
0.294076571973568 0.22377205531712 0.164486681654064 0.317664691055249
0.309066893389609 0.216424255306228 0.178407676191055 0.296101175113108
0.243564225053079 0.199628450106157 0.192223991507431 0.364583333333333
0.277527558407371 0.205454096742349 0.176168147416913 0.340850197433366
0.300755150012031 0.216615151122545 0.146282551962835 0.336347146902589
0.306231442179311 0.198351965883502 0.221836950240131 0.273579641697057
0.183067804672093 0.222023290987702 0.183623624479587 0.411285279860617
