0.374074074074074 0.161574074074074 0.184259259259259 0.280092592592593
0.355339805825243 0.158252427184466 0.180582524271845 0.305825242718447
0.411453744493392 0.172687224669604 0.148017621145374 0.26784140969163
0.275822273514137 0.165608770917484 0.203693017888055 0.354875937680323
0.435654008438819 0.120253164556962 0.176160337552743 0.267932489451477
0.4198606271777 0.149825783972125 0.144599303135889 0.285714285714286
0.345263157894737 0.244210526315789 0.141052631578947 0.269473684210526
0.234265734265734 0.152680652680653 0.182983682983683 0.43006993006993
0.441913439635535 0.129081245254366 0.185269552012149 0.24373576309795
0.346938775510204 0.226059654631083 0.1287284144427 0.298273155416013
0.378512396694215 0.148760330578512 0.168595041322314 0.304132231404959
0.241645244215938 0.167095115681234 0.170951156812339 0.420308483290488
0.322689075630252 0.181512605042017 0.149579831932773 0.346218487394958
0.331447963800905 0.183257918552036 0.139140271493213 0.346153846153846
0.366863905325444 0.164497041420118 0.194082840236686 0.274556213017751
0.206303724928367 0.184813753581662 0.200573065902579 0.408309455587393
0.36304347826087 0.157608695652174 0.175 0.304347826086957
0.317617866004963 0.205955334987593 0.124069478908189 0.352357320099256
0.335497835497836 0.222943722943723 0.158008658008658 0.283549783549784
0.275813295615276 0.168316831683168 0.15983026874116 0.396039603960396
0.387987012987013 0.155844155844156 0.159090909090909 0.297077922077922
0.385496183206107 0.17175572519084 0.103053435114504 0.33969465648855
0.383259911894273 0.180616740088106 0.158590308370044 0.277533039647577
0.237569060773481 0.18232044198895 0.174033149171271 0.406077348066298
0.367864693446089 0.171247357293869 0.13107822410148 0.329809725158562
0.364864864864865 0.148648648648649 0.108108108108108 0.378378378378378
0.331877729257642 0.117903930131004 0.109170305676856 0.441048034934498
0.281456953642384 0.205298013245033 0.135761589403974 0.377483443708609
0.297229219143577 0.178841309823678 0.153652392947103 0.370277078085642
0.329376854599407 0.195845697329377 0.106824925816024 0.367952522255193
0.2734375 0.213541666666667 0.1953125 0.317708333333333
0.165446559297218 0.185944363103953 0.22108345534407 0.427525622254758
0.37037037037037 0.146425495262705 0.232558139534884 0.250645994832041
0.33615221987315 0.164904862579281 0.198731501057082 0.300211416490486
0.348314606741573 0.166666666666667 0.232209737827715 0.252808988764045
0.296610169491525 0.153954802259887 0.201977401129944 0.347457627118644
0.412639405204461 0.144981412639405 0.185873605947955 0.256505576208178
0.395833333333333 0.173611111111111 0.114583333333333 0.315972222222222
0.271428571428571 0.157142857142857 0.228571428571429 0.342857142857143
0.249388753056235 0.166259168704156 0.176039119804401 0.408312958435208
0.405529953917051 0.122887864823349 0.162826420890937 0.308755760368664
0.38562091503268 0.150326797385621 0.173202614379085 0.290849673202614
0.372262773722628 0.215328467153285 0.153284671532847 0.259124087591241
0.315315315315315 0.128378378378378 0.189189189189189 0.367117117117117
0.339960238568588 0.194831013916501 0.168986083499006 0.296222664015905
0.355191256830601 0.169398907103825 0.177595628415301 0.297814207650273
0.375722543352601 0.15606936416185 0.216763005780347 0.251445086705202
0.228787878787879 0.18030303030303 0.227272727272727 0.363636363636364
0.364135407136322 0.142726440988106 0.161024702653248 0.332113449222324
0.299546142208775 0.219364599092284 0.161875945537065 0.319213313161876
0.360146252285192 0.175502742230347 0.153564899451554 0.310786106032907
0.250841750841751 0.175084175084175 0.178451178451178 0.395622895622896
0.394230769230769 0.117788461538462 0.158653846153846 0.329326923076923
0.358606557377049 0.114754098360656 0.172131147540984 0.354508196721311
0.315789473684211 0.152882205513784 0.19047619047619 0.340852130325815
0.218670076726343 0.167519181585678 0.164961636828645 0.448849104859335
0.365878725590956 0.162384378211716 0.138746145940391 0.332990750256937
0.306382978723404 0.159574468085106 0.159574468085106 0.374468085106383
0.315602836879433 0.168439716312057 0.171985815602837 0.343971631205674
0.251968503937008 0.196850393700787 0.166929133858268 0.384251968503937
0.28448275862069 0.185960591133005 0.158866995073892 0.370689655172414
0.32824427480916 0.162849872773537 0.134860050890585 0.374045801526718
0.306172839506173 0.171604938271605 0.224691358024691 0.297530864197531
0.206149545772187 0.183787561146052 0.187980433263452 0.422082459818309
0.350214592274678 0.156223175965665 0.213733905579399 0.279828326180257
0.392070484581498 0.146842878120411 0.161527165932452 0.299559471365639
0.3776 0.1664 0.1872 0.2688
0.265237020316027 0.137697516930023 0.209932279909707 0.387133182844244
0.345263157894737 0.181052631578947 0.176842105263158 0.296842105263158
0.355748373101952 0.156182212581345 0.143167028199566 0.344902386117137
0.317757009345794 0.149532710280374 0.224299065420561 0.308411214953271
0.321276595744681 0.123404255319149 0.185106382978723 0.370212765957447
0.404320987654321 0.138888888888889 0.186728395061728 0.270061728395062
0.354591836734694 0.181122448979592 0.150510204081633 0.313775510204082
0.329577464788732 0.225352112676056 0.132394366197183 0.312676056338028
0.307240704500978 0.123287671232877 0.193737769080235 0.37573385518591
0.285217391304348 0.201739130434783 0.16 0.35304347826087
0.342898134863702 0.162123385939742 0.170731707317073 0.324246771879483
0.306843267108168 0.207505518763797 0.209713024282561 0.275938189845475
0.250599520383693 0.193045563549161 0.201438848920863 0.354916067146283
0.340425531914894 0.170212765957447 0.207446808510638 0.281914893617021
0.312649164677804 0.20763723150358 0.145584725536993 0.334128878281623
0.345744680851064 0.202127659574468 0.125 0.327127659574468
0.210622710622711 0.216117216117216 0.137362637362637 0.435897435897436
0.393103448275862 0.141379310344828 0.16551724137931 0.3
0.333333333333333 0.185185185185185 0.140740740740741 0.340740740740741
0.252336448598131 0.214953271028037 0.149532710280374 0.383177570093458
0.190839694656489 0.16793893129771 0.122137404580153 0.519083969465649
0.323770491803279 0.176229508196721 0.168032786885246 0.331967213114754
0.314285714285714 0.211428571428571 0.0971428571428571 0.377142857142857
0.302816901408451 0.169014084507042 0.126760563380282 0.401408450704225
0.156521739130435 0.265217391304348 0.143478260869565 0.434782608695652
0.268292682926829 0.204878048780488 0.136585365853659 0.390243902439024
0.286111111111111 0.213888888888889 0.155555555555556 0.344444444444444
0.310185185185185 0.171296296296296 0.240740740740741 0.277777777777778
0.186440677966102 0.220338983050847 0.175141242937853 0.418079096045198
0.282978723404255 0.2 0.253191489361702 0.263829787234043
0.347107438016529 0.128099173553719 0.177685950413223 0.347107438016529
0.349514563106796 0.189320388349515 0.228155339805825 0.233009708737864
0.335839598997494 0.12531328320802 0.278195488721804 0.260651629072682
0.364444444444444 0.182222222222222 0.155555555555556 0.297777777777778
0.41 0.125 0.175 0.29
0.261904761904762 0.166666666666667 0.178571428571429 0.392857142857143
0.311787072243346 0.152091254752852 0.182509505703422 0.35361216730038
0.401459854014599 0.127737226277372 0.182481751824818 0.288321167883212
0.389162561576355 0.12807881773399 0.187192118226601 0.295566502463054
0.354838709677419 0.193548387096774 0.17741935483871 0.274193548387097
0.283333333333333 0.195833333333333 0.2 0.320833333333333
0.362007168458781 0.17921146953405 0.121863799283154 0.336917562724014
0.287878787878788 0.181818181818182 0.151515151515152 0.378787878787879
0.281081081081081 0.2 0.264864864864865 0.254054054054054
0.260765550239234 0.165071770334928 0.210526315789474 0.363636363636364
0.318493150684932 0.193493150684932 0.183219178082192 0.304794520547945
0.308457711442786 0.149253731343284 0.121890547263682 0.420398009950249
0.3584229390681 0.254480286738351 0.132616487455197 0.254480286738351
0.226640159045726 0.168986083499006 0.15506958250497 0.449304174950298
0.398104265402844 0.113744075829384 0.16824644549763 0.319905213270142
0.34640522875817 0.147058823529412 0.120915032679739 0.38562091503268
0.290322580645161 0.155913978494624 0.198924731182796 0.354838709677419
0.217842323651452 0.161825726141079 0.174273858921162 0.446058091286307
0.426966292134831 0.136704119850187 0.142322097378277 0.294007490636704
0.320197044334975 0.20935960591133 0.0911330049261084 0.379310344827586
0.362776025236593 0.167192429022082 0.151419558359621 0.318611987381703
0.243478260869565 0.158695652173913 0.226086956521739 0.371739130434783
0.284263959390863 0.215736040609137 0.124365482233503 0.375634517766497
0.312814070351759 0.167085427135678 0.133165829145729 0.386934673366834
0.319845857418112 0.167630057803468 0.198458574181118 0.314065510597302
0.232683982683983 0.182900432900433 0.186147186147186 0.398268398268398
0.363716038562664 0.17353198948291 0.198071866783523 0.264680105170903
0.333333333333333 0.167495854063018 0.174129353233831 0.325041459369818
0.442666666666667 0.182666666666667 0.162666666666667 0.212
0.278612716763006 0.172254335260116 0.197687861271676 0.351445086705202
0.407982261640798 0.133037694013304 0.16629711751663 0.292682926829268
0.374015748031496 0.149606299212598 0.192913385826772 0.283464566929134
0.431451612903226 0.145161290322581 0.141129032258065 0.282258064516129
0.252808988764045 0.168539325842697 0.174157303370787 0.404494382022472
0.399668325041459 0.104477611940299 0.213930348258706 0.281923714759536
0.335483870967742 0.164516129032258 0.109677419354839 0.390322580645161
0.44949494949495 0.159090909090909 0.106060606060606 0.285353535353535
0.235443037974684 0.172151898734177 0.177215189873418 0.415189873417722
0.377492877492877 0.153846153846154 0.138176638176638 0.33048433048433
0.330677290836653 0.151394422310757 0.143426294820717 0.374501992031873
0.433333333333333 0.139393939393939 0.183333333333333 0.243939393939394
0.198902606310014 0.175582990397805 0.189300411522634 0.436213991769547
0.367796610169492 0.149152542372881 0.2 0.283050847457627
0.308441558441558 0.188311688311688 0.12987012987013 0.373376623376623
0.325513196480938 0.240469208211144 0.143695014662757 0.290322580645161
0.213032581453634 0.223057644110276 0.18796992481203 0.37593984962406
0.408219178082192 0.153424657534247 0.136986301369863 0.301369863013699
0.354430379746835 0.139240506329114 0.120253164556962 0.386075949367089
0.243421052631579 0.282894736842105 0.151315789473684 0.322368421052632
0.203846153846154 0.157692307692308 0.211538461538462 0.426923076923077
0.36046511627907 0.158914728682171 0.189922480620155 0.290697674418605
0.263157894736842 0.25 0.118421052631579 0.368421052631579
0.261744966442953 0.248322147651007 0.147651006711409 0.342281879194631
0.23121387283237 0.167630057803468 0.173410404624277 0.427745664739884
0.348837209302326 0.199335548172757 0.156146179401993 0.295681063122924
0.269230769230769 0.169230769230769 0.126923076923077 0.434615384615385
0.322981366459627 0.220496894409938 0.173913043478261 0.282608695652174
0.163755458515284 0.24235807860262 0.168122270742358 0.425764192139738
0.358823529411765 0.161764705882353 0.205882352941176 0.273529411764706
0.387096774193548 0.169354838709677 0.165322580645161 0.278225806451613
0.409395973154362 0.120805369127517 0.204697986577181 0.26510067114094
0.315315315315315 0.13963963963964 0.22972972972973 0.315315315315315
0.338666666666667 0.226666666666667 0.194666666666667 0.24
0.414507772020725 0.145077720207254 0.113989637305699 0.326424870466321
0.278787878787879 0.187878787878788 0.193939393939394 0.339393939393939
0.228136882129278 0.182509505703422 0.152091254752852 0.437262357414449
0.462585034013605 0.142857142857143 0.142857142857143 0.251700680272109
0.33879781420765 0.218579234972678 0.153005464480874 0.289617486338798
0.3046875 0.1796875 0.1640625 0.3515625
0.262931034482759 0.129310344827586 0.237068965517241 0.370689655172414
0.318421052631579 0.157894736842105 0.168421052631579 0.355263157894737
0.267543859649123 0.184210526315789 0.144736842105263 0.403508771929825
0.319620253164557 0.126582278481013 0.20253164556962 0.35126582278481
0.224867724867725 0.206349206349206 0.158730158730159 0.41005291005291
0.367066895368782 0.145797598627787 0.180102915951973 0.307032590051458
0.255434782608696 0.220108695652174 0.127717391304348 0.396739130434783
0.295180722891566 0.225903614457831 0.126506024096386 0.352409638554217
0.269811320754717 0.147169811320755 0.19622641509434 0.386792452830189
0.372631578947368 0.153684210526316 0.134736842105263 0.338947368421053
0.320388349514563 0.155339805825243 0.155339805825243 0.368932038834951
0.36 0.16 0.168888888888889 0.311111111111111
0.240437158469945 0.172131147540984 0.139344262295082 0.448087431693989
0.352941176470588 0.182555780933063 0.133874239350913 0.330628803245436
0.305084745762712 0.172881355932203 0.142372881355932 0.379661016949153
0.28498727735369 0.162849872773537 0.173027989821883 0.379134860050891
0.237430167597765 0.212290502793296 0.173184357541899 0.377094972067039
0.285393258426966 0.215730337078652 0.155056179775281 0.343820224719101
0.274058577405858 0.200836820083682 0.146443514644351 0.378661087866109
0.37243947858473 0.165735567970205 0.175046554934823 0.286778398510242
0.224368499257058 0.219910846953938 0.178306092124814 0.37741456166419
0.333017077798861 0.152751423149905 0.230550284629981 0.283681214421252
0.333333333333333 0.15993265993266 0.186868686868687 0.31986531986532
0.32064128256513 0.178356713426854 0.200400801603206 0.30060120240481
0.317937701396348 0.139634801288937 0.221267454350161 0.321160042964554
0.412645590682196 0.164725457570715 0.154742096505824 0.267886855241265
0.397938144329897 0.150515463917526 0.150515463917526 0.301030927835052
0.367491166077739 0.15547703180212 0.173144876325088 0.303886925795053
0.235294117647059 0.154798761609907 0.19969040247678 0.410216718266254
0.390163934426229 0.160655737704918 0.144262295081967 0.304918032786885
0.336088154269972 0.165289256198347 0.195592286501377 0.303030303030303
0.319587628865979 0.178694158075601 0.164948453608247 0.336769759450172
0.320564516129032 0.133064516129032 0.223790322580645 0.32258064516129
0.295369211514393 0.167709637046308 0.13892365456821 0.397997496871089
0.334677419354839 0.18010752688172 0.147849462365591 0.337365591397849
0.296540362438221 0.233937397034596 0.220757825370675 0.248764415156507
0.237079573420837 0.165709598031173 0.206726825266612 0.390484003281378
0.390792291220557 0.150963597430407 0.197002141327623 0.261241970021413
0.288461538461538 0.256410256410256 0.162393162393162 0.292735042735043
0.357142857142857 0.212121212121212 0.155844155844156 0.274891774891775
0.201732673267327 0.26980198019802 0.152227722772277 0.376237623762376
0.385761589403974 0.155629139072848 0.147350993377483 0.311258278145695
0.360153256704981 0.168582375478927 0.122605363984674 0.348659003831418
0.277533039647577 0.185022026431718 0.171806167400881 0.365638766519824
0.142241379310345 0.234913793103448 0.137931034482759 0.484913793103448
0.335555555555556 0.126666666666667 0.224444444444444 0.313333333333333
0.268 0.224 0.104 0.404
0.260504201680672 0.218487394957983 0.142857142857143 0.378151260504202
0.224137931034483 0.224137931034483 0.14367816091954 0.408045977011494
0.289130434782609 0.239130434782609 0.130434782608696 0.341304347826087
0.272727272727273 0.191919191919192 0.129292929292929 0.406060606060606
0.286374133949192 0.187066974595843 0.196304849884527 0.330254041570439
0.144298688193744 0.236125126135217 0.205852674066599 0.41372351160444
0.361007462686567 0.145522388059701 0.225746268656716 0.267723880597015
0.384466019417476 0.157281553398058 0.180582524271845 0.277669902912621
0.366589327146172 0.213457076566125 0.178654292343387 0.241299303944316
0.318840579710145 0.142512077294686 0.254830917874396 0.283816425120773
0.414587332053743 0.149712092130518 0.147792706333973 0.287907869481766
0.358255451713396 0.168224299065421 0.146417445482866 0.327102803738318
0.310185185185185 0.199074074074074 0.189814814814815 0.300925925925926
0.245544554455446 0.172277227722772 0.227722772277228 0.354455445544554
0.389403973509934 0.16953642384106 0.209271523178808 0.231788079470199
0.328260869565217 0.195652173913043 0.176086956521739 0.3
0.335347432024169 0.193353474320242 0.193353474320242 0.277945619335347
0.318181818181818 0.158249158249158 0.198653198653199 0.324915824915825
0.301181102362205 0.187007874015748 0.206692913385827 0.30511811023622
0.310126582278481 0.154008438818565 0.181434599156118 0.354430379746835
0.270408163265306 0.173469387755102 0.255102040816327 0.301020408163265
0.213618157543391 0.174899866488652 0.265687583444593 0.345794392523364
0.348387096774194 0.159139784946237 0.16989247311828 0.32258064516129
0.272727272727273 0.202551834130782 0.130781499202552 0.393939393939394
0.331288343558282 0.220858895705521 0.134969325153374 0.312883435582822
0.232750689972401 0.212511499540018 0.15639374425023 0.398344066237351
0.384368308351178 0.144539614561028 0.163811563169165 0.30728051391863
0.3856 0.144 0.1072 0.3632
0.395294117647059 0.124705882352941 0.167058823529412 0.312941176470588
0.191634241245136 0.148832684824903 0.172178988326848 0.487354085603113
0.402390438247012 0.144422310756972 0.127490039840637 0.325697211155378
0.317880794701987 0.185430463576159 0.122516556291391 0.374172185430464
0.298375184638109 0.212703101920236 0.140324963072378 0.348596750369276
0.235372340425532 0.167553191489362 0.156914893617021 0.440159574468085
0.251396648044693 0.216759776536313 0.181005586592179 0.350837988826816
0.307628524046434 0.173300165837479 0.121890547263682 0.397180762852405
0.365191146881288 0.161971830985915 0.191146881287726 0.28169014084507
0.181538461538462 0.18974358974359 0.185128205128205 0.443589743589744
0.401614530776993 0.134712411705348 0.186175580221998 0.277497477295661
0.387640449438202 0.161797752808989 0.173033707865169 0.27752808988764
0.413082437275986 0.122759856630824 0.195340501792115 0.268817204301075
0.288511749347258 0.174934725848564 0.234334203655352 0.302219321148825
0.443798449612403 0.11531007751938 0.193798449612403 0.247093023255814
0.372549019607843 0.159041394335512 0.148148148148148 0.320261437908497
0.380859375 0.1328125 0.22265625 0.263671875
0.250828729281768 0.156906077348066 0.177900552486188 0.414364640883978
0.478661087866109 0.119665271966527 0.148953974895397 0.252719665271967
0.406844106463878 0.159695817490494 0.138783269961977 0.29467680608365
0.388560157790927 0.142011834319527 0.191321499013807 0.27810650887574
0.295774647887324 0.140845070422535 0.197183098591549 0.366197183098592
0.3696 0.144 0.1624 0.324
0.393895348837209 0.132267441860465 0.125 0.348837209302326
0.344978165938865 0.186681222707424 0.225982532751092 0.24235807860262
0.227418321588725 0.191543882126842 0.213965406790519 0.367072389493914
0.381565906838454 0.158572844400396 0.183349851337958 0.276511397423191
0.314763231197772 0.245125348189415 0.119777158774373 0.32033426183844
0.384248210023866 0.155131264916468 0.190930787589499 0.269689737470167
0.280523255813953 0.193313953488372 0.171511627906977 0.354651162790698
0.367965367965368 0.124098124098124 0.187590187590188 0.32034632034632
0.420074349442379 0.156133828996283 0.111524163568773 0.312267657992565
0.313653136531365 0.143911439114391 0.177121771217712 0.365313653136531
0.240295748613678 0.188539741219963 0.205175600739372 0.365988909426987
0.417607223476298 0.126410835214447 0.135440180586907 0.320541760722348
0.390350877192982 0.166666666666667 0.105263157894737 0.337719298245614
0.361809045226131 0.21608040201005 0.110552763819095 0.311557788944724
0.288571428571429 0.18 0.154285714285714 0.377142857142857
0.331649831649832 0.18013468013468 0.17003367003367 0.318181818181818
0.335243553008596 0.194842406876791 0.146131805157593 0.32378223495702
0.289655172413793 0.197701149425287 0.218390804597701 0.294252873563218
0.189075630252101 0.226890756302521 0.195378151260504 0.388655462184874
0.411942554799698 0.132275132275132 0.226001511715797 0.229780801209373
0.391923990498812 0.171021377672209 0.194774346793349 0.242280285035629
0.403780068728522 0.142611683848797 0.22680412371134 0.22680412371134
0.273474178403756 0.119718309859155 0.261737089201878 0.345070422535211
0.390784982935154 0.133105802047782 0.187713310580205 0.28839590443686
0.361963190184049 0.147239263803681 0.150306748466258 0.340490797546012
0.313008130081301 0.126016260162602 0.235772357723577 0.32520325203252
0.253676470588235 0.174632352941176 0.191176470588235 0.380514705882353
0.447325769854133 0.111831442463533 0.175040518638574 0.26580226904376
0.463157894736842 0.133333333333333 0.150877192982456 0.252631578947368
0.368200836820084 0.167364016736402 0.142259414225941 0.322175732217573
0.298418972332016 0.189723320158103 0.209486166007905 0.302371541501976
0.306532663316583 0.155778894472362 0.170854271356784 0.366834170854271
0.394495412844037 0.174311926605505 0.152905198776758 0.2782874617737
0.302663438256659 0.14043583535109 0.280871670702179 0.276029055690073
0.212336892052195 0.192170818505338 0.212336892052195 0.383155397390273
0.405147759771211 0.160152526215443 0.132507149666349 0.302192564346997
0.402439024390244 0.146341463414634 0.160278745644599 0.290940766550523
0.372384937238494 0.152719665271967 0.125523012552301 0.349372384937238
0.296995708154506 0.148497854077253 0.169957081545064 0.384549356223176
0.434002111932418 0.0929250263991552 0.154171066525871 0.318901795142555
0.393814432989691 0.142268041237113 0.109278350515464 0.354639175257732
0.32311320754717 0.17688679245283 0.113207547169811 0.386792452830189
0.255406797116375 0.173017507723996 0.167868177136972 0.403707518022657
0.454644808743169 0.118032786885246 0.126775956284153 0.300546448087432
0.389721627408994 0.154175588865096 0.115631691648822 0.340471092077088
0.391050583657588 0.173151750972763 0.175097276264591 0.260700389105058
0.289985052316891 0.161434977578475 0.136023916292975 0.412556053811659
0.316863587540279 0.169709989258861 0.165413533834586 0.348012889366273
0.319092122830441 0.174899866488652 0.164218958611482 0.341789052069426
0.362768496420048 0.159904534606205 0.202863961813842 0.274463007159905
0.201807228915663 0.219879518072289 0.218072289156627 0.360240963855422
0.380546075085324 0.157849829351536 0.196245733788396 0.265358361774744
0.420318725099602 0.139442231075697 0.171314741035857 0.268924302788845
0.468497576736672 0.130856219709208 0.163166397415186 0.237479806138934
0.325581395348837 0.131782945736434 0.2281284606866 0.314507198228128
0.402862985685072 0.139059304703476 0.173824130879346 0.284253578732106
0.439655172413793 0.112068965517241 0.17816091954023 0.270114942528736
0.352422907488987 0.167400881057269 0.180616740088106 0.299559471365639
0.265917602996255 0.151685393258427 0.204119850187266 0.378277153558052
0.4349376114082 0.130124777183601 0.188948306595365 0.245989304812834
0.387186629526462 0.153203342618384 0.16991643454039 0.289693593314763
0.402489626556017 0.149377593360996 0.203319502074689 0.244813278008299
0.314583333333333 0.14375 0.183333333333333 0.358333333333333
0.340501792114695 0.154121863799283 0.148745519713262 0.35663082437276
0.395220588235294 0.150735294117647 0.183823529411765 0.270220588235294
0.373056994818653 0.163212435233161 0.173575129533679 0.290155440414508
0.245884773662551 0.181069958847737 0.238683127572016 0.334362139917695
0.370068027210884 0.127891156462585 0.193197278911565 0.308843537414966
0.337979094076655 0.177700348432056 0.156794425087108 0.327526132404181
0.4 0.105263157894737 0.150877192982456 0.343859649122807
0.255281690140845 0.186619718309859 0.154929577464789 0.403169014084507
0.378378378378378 0.0844594594594595 0.158783783783784 0.378378378378378
0.382352941176471 0.132352941176471 0.191176470588235 0.294117647058824
0.309278350515464 0.134020618556701 0.144329896907216 0.412371134020619
0.226480836236934 0.177700348432056 0.156794425087108 0.439024390243902
0.467289719626168 0.121495327102804 0.11214953271028 0.299065420560748
0.302013422818792 0.23489932885906 0.134228187919463 0.328859060402685
0.421052631578947 0.236842105263158 0.131578947368421 0.210526315789474
0.351694915254237 0.144067796610169 0.148305084745763 0.355932203389831
0.396078431372549 0.188235294117647 0.16078431372549 0.254901960784314
0.246153846153846 0.196153846153846 0.173076923076923 0.384615384615385
0.327102803738318 0.177570093457944 0.158878504672897 0.336448598130841
0.198707592891761 0.24232633279483 0.190630048465267 0.368336025848142
0.37625754527163 0.128772635814889 0.249496981891348 0.245472837022133
0.337837837837838 0.193693693693694 0.211711711711712 0.256756756756757
0.379446640316206 0.118577075098814 0.260869565217391 0.241106719367589
0.315673289183223 0.15673289183223 0.251655629139073 0.275938189845475
0.345679012345679 0.11522633744856 0.193415637860082 0.345679012345679
0.402439024390244 0.128048780487805 0.182926829268293 0.286585365853659
0.282352941176471 0.247058823529412 0.2 0.270588235294118
0.306188925081433 0.140065146579805 0.188925081433225 0.364820846905537
0.459090909090909 0.0863636363636364 0.186363636363636 0.268181818181818
0.328571428571429 0.171428571428571 0.25 0.25
0.393939393939394 0.191919191919192 0.121212121212121 0.292929292929293
0.334448160535117 0.096989966555184 0.224080267558528 0.344481605351171
0.343096234309623 0.167364016736402 0.175732217573222 0.313807531380753
0.430434782608696 0.117391304347826 0.173913043478261 0.278260869565217
0.298701298701299 0.175324675324675 0.253246753246753 0.272727272727273
0.246511627906977 0.167441860465116 0.26046511627907 0.325581395348837
0.364963503649635 0.153284671532847 0.16301703163017 0.318734793187348
0.3886925795053 0.130742049469965 0.176678445229682 0.303886925795053
0.418367346938776 0.163265306122449 0.11734693877551 0.301020408163265
0.25369978858351 0.167019027484144 0.13107822410148 0.448202959830867
0.455847255369928 0.102625298329356 0.140811455847255 0.300715990453461
0.414893617021277 0.109929078014184 0.0957446808510638 0.379432624113475
0.481481481481481 0.137566137566138 0.121693121693122 0.259259259259259
0.208185053380783 0.158362989323843 0.151245551601424 0.48220640569395
0.4475 0.135 0.155 0.2625
0.365313653136531 0.162361623616236 0.0996309963099631 0.372693726937269
0.388059701492537 0.167910447761194 0.149253731343284 0.294776119402985
0.271634615384615 0.163461538461538 0.137019230769231 0.427884615384615
0.325581395348837 0.153488372093023 0.151162790697674 0.369767441860465
0.33276740237691 0.173174872665535 0.132427843803056 0.361629881154499
0.348571428571429 0.140952380952381 0.220952380952381 0.28952380952381
0.198391420911528 0.195710455764075 0.201966041108132 0.403932082216265
0.404522613065327 0.134840871021776 0.201842546063652 0.258793969849246
0.390566037735849 0.158490566037736 0.173584905660377 0.277358490566038
0.457846952010376 0.136186770428016 0.190661478599222 0.215304798962387
0.311936936936937 0.146396396396396 0.198198198198198 0.343468468468468
0.411545623836127 0.119180633147114 0.176908752327747 0.292364990689013
0.452586206896552 0.15948275862069 0.133620689655172 0.254310344827586
0.3690036900369 0.166051660516605 0.180811808118081 0.284132841328413
0.271689497716895 0.175799086757991 0.178082191780822 0.374429223744292
0.438661710037175 0.130111524163569 0.176579925650558 0.254646840148699
0.39453125 0.19921875 0.1484375 0.2578125
0.440129449838188 0.181229773462783 0.155339805825243 0.223300970873786
0.33879781420765 0.147540983606557 0.133879781420765 0.379781420765027
0.378342245989305 0.172459893048128 0.128342245989305 0.320855614973262
0.374631268436578 0.135693215339233 0.188790560471976 0.300884955752212
0.419753086419753 0.126984126984127 0.185185185185185 0.268077601410935
0.212413793103448 0.212413793103448 0.212413793103448 0.362758620689655
0.398763523956723 0.156105100463679 0.160741885625966 0.284389489953632
0.432624113475177 0.180851063829787 0.134751773049645 0.25177304964539
0.407017543859649 0.185964912280702 0.2 0.207017543859649
0.269662921348315 0.260674157303371 0.139325842696629 0.330337078651685
0.391304347826087 0.168797953964194 0.138107416879795 0.301790281329923
0.388535031847134 0.101910828025478 0.101910828025478 0.407643312101911
0.291970802919708 0.167883211678832 0.175182481751825 0.364963503649635
0.195583596214511 0.198738170347003 0.182965299684543 0.422712933753943
0.411458333333333 0.166666666666667 0.135416666666667 0.286458333333333
0.371900826446281 0.206611570247934 0.0826446280991736 0.338842975206612
0.345588235294118 0.213235294117647 0.161764705882353 0.279411764705882
0.300884955752212 0.163716814159292 0.154867256637168 0.380530973451327
0.391304347826087 0.1875 0.154891304347826 0.266304347826087
0.304526748971193 0.176954732510288 0.189300411522634 0.329218106995885
0.301818181818182 0.170909090909091 0.218181818181818 0.309090909090909
0.212996389891697 0.250902527075812 0.171480144404332 0.364620938628159
0.43407960199005 0.139303482587065 0.221393034825871 0.205223880597015
0.333333333333333 0.140350877192982 0.189473684210526 0.336842105263158
0.429775280898876 0.140449438202247 0.205056179775281 0.224719101123595
0.268431001890359 0.120982986767486 0.302457466918715 0.30812854442344
0.407317073170732 0.129268292682927 0.195121951219512 0.268292682926829
0.445544554455446 0.158415841584158 0.148514851485149 0.247524752475248
0.42 0.14 0.165 0.275
0.267647058823529 0.205882352941176 0.138235294117647 0.388235294117647
0.452702702702703 0.135135135135135 0.135135135135135 0.277027027027027
0.323529411764706 0.2 0.164705882352941 0.311764705882353
0.409395973154362 0.221476510067114 0.087248322147651 0.281879194630872
0.285123966942149 0.173553719008264 0.206611570247934 0.334710743801653
0.360262008733624 0.126637554585153 0.131004366812227 0.382096069868996
0.328947368421053 0.162280701754386 0.197368421052632 0.31140350877193
0.318032786885246 0.147540983606557 0.19672131147541 0.337704918032787
0.225433526011561 0.204238921001927 0.208092485549133 0.36223506743738
0.412087912087912 0.15018315018315 0.137362637362637 0.3003663003663
0.363036303630363 0.138613861386139 0.184818481848185 0.313531353135314
0.371527777777778 0.194444444444444 0.138888888888889 0.295138888888889
0.322701688555347 0.155722326454034 0.189493433395872 0.332082551594747
0.369565217391304 0.147342995169082 0.157004830917874 0.326086956521739
0.391111111111111 0.16 0.12 0.328888888888889
0.339285714285714 0.178571428571429 0.129464285714286 0.352678571428571
0.230277185501066 0.170575692963753 0.138592750533049 0.460554371002132
0.401028277634961 0.12853470437018 0.141388174807198 0.329048843187661
0.276381909547739 0.206030150753769 0.14070351758794 0.376884422110553
0.354166666666667 0.166666666666667 0.163194444444444 0.315972222222222
0.258953168044077 0.195592286501377 0.121212121212121 0.424242424242424
0.35049504950495 0.146534653465347 0.166336633663366 0.336633663366337
0.375314861460957 0.158690176322418 0.136020151133501 0.329974811083123
0.346076458752515 0.175050301810865 0.199195171026157 0.279678068410463
0.193548387096774 0.228287841191067 0.207196029776675 0.370967741935484
0.383244206773619 0.133689839572193 0.2174688057041 0.265597147950089
0.412350597609562 0.157370517928287 0.175298804780877 0.254980079681275
0.368131868131868 0.163003663003663 0.21978021978022 0.249084249084249
0.324509803921569 0.155882352941176 0.241176470588235 0.27843137254902
0.434412265758092 0.127768313458262 0.156729131175468 0.281090289608177
0.421307506053269 0.104116222760291 0.150121065375303 0.324455205811138
0.301754385964912 0.164912280701754 0.210526315789474 0.32280701754386
0.282018111254851 0.147477360931436 0.22509702457956 0.345407503234153
0.438061041292639 0.107719928186715 0.172351885098743 0.281867145421903
0.397142857142857 0.148571428571429 0.211428571428571 0.242857142857143
0.318777292576419 0.170305676855895 0.14410480349345 0.366812227074236
0.289628180039139 0.125244618395303 0.201565557729941 0.383561643835616
0.352722772277228 0.127475247524752 0.139851485148515 0.379950495049505
0.380398671096346 0.137873754152824 0.191029900332226 0.290697674418605
0.352836879432624 0.164893617021277 0.196808510638298 0.285460992907801
0.264617691154423 0.177661169415292 0.215892053973014 0.341829085457271
0.411821705426357 0.13468992248062 0.175387596899225 0.278100775193798
0.361581920903955 0.214689265536723 0.163841807909605 0.259887005649718
0.383333333333333 0.171428571428571 0.15 0.295238095238095
0.220536756126021 0.253208868144691 0.138856476079347 0.387397899649942
0.414965986394558 0.149659863945578 0.149659863945578 0.285714285714286
0.37219730941704 0.143497757847534 0.125560538116592 0.358744394618834
0.313636363636364 0.168181818181818 0.122727272727273 0.395454545454545
0.163299663299663 0.196969696969697 0.15993265993266 0.47979797979798
0.407925407925408 0.123543123543124 0.144522144522145 0.324009324009324
0.318435754189944 0.156424581005587 0.111731843575419 0.41340782122905
0.396396396396396 0.18018018018018 0.112612612612613 0.310810810810811
0.232098765432099 0.177777777777778 0.155555555555556 0.434567901234568
0.354723707664884 0.18716577540107 0.131907308377897 0.32620320855615
0.289411764705882 0.192941176470588 0.0988235294117647 0.418823529411765
0.319727891156463 0.172335600907029 0.1859410430839 0.321995464852608
0.173842404549147 0.269699431356621 0.168968318440292 0.38748984565394
0.401893287435456 0.130808950086059 0.209982788296041 0.257314974182444
0.392703862660944 0.124463519313305 0.21244635193133 0.270386266094421
0.37283950617284 0.145679012345679 0.224691358024691 0.25679012345679
0.284243048403708 0.145211122554068 0.269824922760041 0.300720906282183
0.411870503597122 0.100719424460432 0.199640287769784 0.287769784172662
0.464396284829721 0.136222910216718 0.13312693498452 0.26625386996904
0.333333333333333 0.153508771929825 0.210526315789474 0.302631578947368
0.258982035928144 0.157185628742515 0.239520958083832 0.344311377245509
0.393739703459638 0.120263591433278 0.196046128500824 0.28995057660626
0.365168539325843 0.205056179775281 0.182584269662921 0.247191011235955
0.36038961038961 0.178571428571429 0.149350649350649 0.311688311688312
0.327941176470588 0.132352941176471 0.223529411764706 0.316176470588235
0.350187265917603 0.149812734082397 0.162921348314607 0.337078651685393
0.355 0.155 0.1575 0.3325
0.333333333333333 0.171794871794872 0.207692307692308 0.287179487179487
0.207718501702611 0.177071509648127 0.274687854710556 0.340522133938706
0.41726618705036 0.146762589928058 0.133812949640288 0.302158273381295
0.313688212927757 0.182509505703422 0.161596958174905 0.342205323193916
0.381418092909535 0.168704156479218 0.12958435207824 0.320293398533007
0.264192139737991 0.196506550218341 0.150655021834061 0.388646288209607
0.42814667988107 0.0951437066402379 0.145688800792864 0.331020812685828
0.409893992932862 0.148409893992933 0.113074204946996 0.328621908127208
0.344988344988345 0.114219114219114 0.156177156177156 0.384615384615385
0.192551505546751 0.159270998415214 0.148969889064976 0.499207606973059
0.442169907881269 0.127942681678608 0.134083930399181 0.295803480040942
0.315126050420168 0.153361344537815 0.149159663865546 0.382352941176471
0.335676625659051 0.166959578207381 0.147627416520211 0.349736379613357
0.243436754176611 0.158711217183771 0.184964200477327 0.412887828162291
0.32512315270936 0.177339901477833 0.173399014778325 0.324137931034483
0.328421052631579 0.18 0.132631578947368 0.358947368421053
0.336225596529284 0.172451193058568 0.204989154013015 0.286334056399132
0.195121951219512 0.226685796269727 0.197513151602104 0.380679100908656
0.449187935034803 0.136426914153132 0.194895591647332 0.219489559164733
0.391874180865007 0.169069462647444 0.138925294888598 0.300131061598952
0.455719557195572 0.13929889298893 0.165129151291513 0.239852398523985
0.273841961852861 0.208446866485014 0.196866485013624 0.320844686648501
0.491752577319588 0.122680412371134 0.154639175257732 0.230927835051546
0.381962864721485 0.16710875331565 0.143236074270557 0.307692307692308
0.404761904761905 0.164285714285714 0.130952380952381 0.3
0.216133942161339 0.213089802130898 0.193302891933029 0.377473363774734
0.519540229885057 0.133333333333333 0.147892720306513 0.199233716475096
0.429611650485437 0.196601941747573 0.135922330097087 0.237864077669903
0.465870307167235 0.174061433447099 0.168941979522184 0.191126279863481
0.28437917222964 0.173564753004005 0.16154873164219 0.380507343124166
0.370535714285714 0.188988095238095 0.15922619047619 0.28125
0.380177514792899 0.207100591715976 0.115384615384615 0.297337278106509
0.369807497467072 0.15096251266464 0.209726443768997 0.269503546099291
0.197604790419162 0.241766467065868 0.219311377245509 0.341317365269461
0.421750663129974 0.165340406719717 0.152077807250221 0.260831122900088
0.331288343558282 0.260736196319018 0.128834355828221 0.279141104294479
0.389830508474576 0.182203389830508 0.150423728813559 0.277542372881356
0.252793296089385 0.194134078212291 0.146648044692737 0.406424581005587
0.39469320066335 0.142620232172471 0.174129353233831 0.288557213930348
0.520833333333333 0.135416666666667 0.114583333333333 0.229166666666667
0.282511210762332 0.20627802690583 0.210762331838565 0.300448430493274
0.214285714285714 0.191244239631336 0.131336405529954 0.463133640552995
0.436008676789588 0.140997830802603 0.13882863340564 0.284164859002169
0.313131313131313 0.257575757575758 0.095959595959596 0.333333333333333
0.299242424242424 0.21969696969697 0.147727272727273 0.333333333333333
0.236559139784946 0.228494623655914 0.118279569892473 0.416666666666667
0.331444759206799 0.235127478753541 0.154390934844193 0.279036827195467
0.306763285024155 0.205314009661836 0.118357487922705 0.369565217391304
0.323754789272031 0.187739463601533 0.187739463601533 0.300766283524904
0.14781746031746 0.251984126984127 0.215277777777778 0.384920634920635
0.453703703703704 0.143518518518519 0.199845679012346 0.202932098765432
0.436416184971098 0.147398843930636 0.15606936416185 0.260115606936416
0.431578947368421 0.170526315789474 0.170526315789474 0.227368421052632
0.277929155313351 0.177111716621253 0.213896457765668 0.331062670299728
0.446880269814503 0.136593591905565 0.195615514333895 0.220910623946037
0.417355371900826 0.128099173553719 0.152892561983471 0.301652892561983
0.32520325203252 0.191056910569106 0.199186991869919 0.284552845528455
0.224390243902439 0.18780487804878 0.197560975609756 0.390243902439024
0.483101391650099 0.131212723658052 0.127236580516899 0.25844930417495
0.374384236453202 0.201970443349754 0.16256157635468 0.261083743842365
0.365638766519824 0.185022026431718 0.185022026431718 0.26431718061674
0.246458923512748 0.186968838526912 0.175637393767705 0.390934844192635
0.415902140672783 0.140672782874618 0.185015290519878 0.258409785932722
0.323232323232323 0.181818181818182 0.138047138047138 0.356902356902357
0.347715736040609 0.16497461928934 0.215736040609137 0.271573604060914
0.184110970996217 0.225725094577554 0.182849936948298 0.407313997477932
0.427868852459016 0.124590163934426 0.130327868852459 0.317213114754098
0.343373493975904 0.198795180722892 0.132530120481928 0.325301204819277
0.408080808080808 0.175757575757576 0.157575757575758 0.258585858585859
0.27367506516073 0.21372719374457 0.158992180712424 0.353605560382276
0.445368171021378 0.157957244655582 0.121140142517815 0.275534441805226
0.400662251655629 0.185430463576159 0.129139072847682 0.28476821192053
0.33972602739726 0.16986301369863 0.172602739726027 0.317808219178082
0.19578313253012 0.207831325301205 0.20933734939759 0.387048192771084
0.459308807134894 0.137123745819398 0.111482720178372 0.292084726867336
0.398496240601504 0.180451127819549 0.115288220551378 0.305764411027569
