0.378130656951032 0.158635228340322 0.178914323686442 0.284319791022204
0.3639503298409 0.191191307722158 0.155723709740008 0.289134652696934
0.357208779743991 0.183901127563099 0.190281288872838 0.268608803820071
0.249227221431726 0.192090672685344 0.211201609342034 0.347480496540896
0.351319478438877 0.172132971385341 0.19233678963998 0.284210760535802
0.364011045625026 0.193257222932036 0.163706054486255 0.279025676956683
0.343476879071985 0.18723184490704 0.215715874781503 0.253575401239472
0.249036029177002 0.199376181938748 0.217894245646781 0.333693543237468
0.350772916810653 0.183818278157901 0.17745985670514 0.287948948326307
0.340869496357301 0.204070319923978 0.149667405764967 0.305392777953754
0.353592391708151 0.199309012556654 0.191321792109369 0.255776803625827
0.222255966390808 0.223065826436869 0.201351453951864 0.353326753220459
0.363522012578616 0.159558561765753 0.174795300818797 0.302124124836834
0.334431751611013 0.173806385471588 0.145796719390744 0.345965143526655
0.345154337305299 0.181747936068974 0.176013664646793 0.297084061978934
0.238394466364655 0.176749963466316 0.189463685518048 0.395391884650982
0.399031034966999 0.136521087862192 0.170036979824931 0.294410897345878
0.375237109846525 0.158648042765994 0.153086739092947 0.313028108294534
0.370469855888121 0.157712970069071 0.183849236803957 0.287967937238851
0.250754626186622 0.180607200664946 0.196793385537425 0.371844787611007
0.420054023439202 0.148695159674117 0.153465777893957 0.277785038992724
0.365270855652336 0.190414085425497 0.138525315571289 0.305789743350878
0.384663212435233 0.171564766839378 0.175461139896373 0.268310880829016
0.225627379914667 0.218195164472175 0.184291416249943 0.371886039363215
0.434852187452693 0.132220323954932 0.157349538288532 0.275577950303843
0.365642173824547 0.180052920822308 0.146753511093019 0.307551394260126
0.395943641748183 0.168670914475455 0.179170779861797 0.256214663914565
0.253178420075235 0.177158230560449 0.185110232846055 0.384553116518261
0.415073741451759 0.137616379665486 0.171562165279723 0.275747713603032
0.358835165846253 0.175047154621153 0.164926162763951 0.301191516768643
0.380060929842377 0.164996247074926 0.205925206410879 0.249017616671818
0.229838709677419 0.175284629981025 0.189824478178368 0.405052182163188
0.372872926982205 0.162014313823002 0.176393003091959 0.288719756102835
0.327303012076065 0.213066210151298 0.152778420395133 0.306852357377504
0.350229852324966 0.192262316423254 0.195923680891746 0.261584150360034
0.196408056083093 0.217533000398584 0.191015450985909 0.395043492532414
0.32136545212444 0.177387725456966 0.196247427672195 0.304999394746399
0.317638495134472 0.209409240671213 0.162784460960846 0.310167803233469
0.31384350816853 0.202759693731319 0.206076239610203 0.277320558489948
0.212416789940828 0.205621301775148 0.222563794378698 0.359398113905325
0.297839666840187 0.18974492451848 0.227798021863613 0.28461738677772
0.31121204159003 0.213430426785781 0.180098344656732 0.295259186967456
0.290039604693341 0.209941888440611 0.234074841766295 0.265943665099752
0.21043332713409 0.212200111586386 0.252278222056909 0.325088339222615
0.323630604554639 0.19611162689094 0.216809568019223 0.263448200535197
0.32002448156682 0.237795218894009 0.163306451612903 0.278873847926267
0.308240578012107 0.234719781292716 0.209366660157521 0.247672980537655
0.203977983487616 0.245509131848887 0.236627470602952 0.313885414060545
0.33449758894826 0.188244493679135 0.205317346539815 0.27194057083279
0.334025704271063 0.214429443074127 0.166396209269116 0.285148643385694
0.311241936052455 0.217894031797511 0.200726195931893 0.270137836218141
0.231238348868176 0.230066577896138 0.232490013315579 0.306205059920107
0.364987572901543 0.165120456726628 0.197086399094421 0.272805571277407
0.350553247931865 0.191559914831233 0.166358337114733 0.291528500122168
0.336079918331632 0.19363424238005 0.202712556511594 0.267573282776725
0.236659718603439 0.211881188118812 0.232360604481501 0.319098488796248
0.412613488975357 0.143366685195479 0.164234760051881 0.279785065777284
0.346437346437346 0.206427206427206 0.147927147927148 0.299208299208299
0.366895387663743 0.190070817891608 0.177778593182402 0.265255201262246
0.22229909799098 0.218506560065601 0.187423124231242 0.371771217712177
0.395574363043287 0.130873666578507 0.135480031737636 0.338071938640571
0.313616514489877 0.203533148074633 0.12100039698293 0.361849940452561
0.329340797639196 0.187215206353339 0.150674825326563 0.332769170680901
0.237460531707199 0.159512159849599 0.144978186989322 0.458049121453879
0.403820832082053 0.121624431148791 0.154311718912426 0.32024301785673
0.376096740464609 0.193571850706915 0.113197254171023 0.317134154657453
0.348089069692752 0.175623594904186 0.187346108553688 0.288941226849374
0.27768650001956 0.159762156241443 0.164867190861792 0.397684152877205
0.363585482412709 0.151547767684161 0.18149136780471 0.30337538209842
0.337211520122068 0.212807552927713 0.130793438870875 0.319187488079344
0.317361012370254 0.205886534906868 0.217071899142139 0.259680553580738
0.231999828211901 0.209817689879534 0.19474328415899 0.363439197749576
0.339298634894602 0.187400511311562 0.174690077661473 0.298610776132362
0.329963307049731 0.200054649074869 0.132289796237021 0.337692247638379
0.316843250211497 0.206663175280989 0.184909156830359 0.291584417677154
0.234632215044801 0.216271908499456 0.192424347665023 0.35667152879072
0.332675222112537 0.179615004935834 0.217102665350444 0.270607107601185
0.33179858218227 0.183658554410582 0.159029452605423 0.325513410801725
0.316874176688055 0.191050864743127 0.227467811158798 0.26460714741002
0.236771608471666 0.195420721236405 0.248334287349742 0.319473382942187
0.32432231527826 0.199192229545567 0.218172357401259 0.258313097774915
0.34264850996645 0.234418788237616 0.163252417604105 0.259680284191829
0.319033664985689 0.217868338557994 0.22976011994003 0.233337876516287
0.21968391880758 0.255935884952438 0.219459216538087 0.304920979701895
0.328082740659121 0.197185214865271 0.21764499649404 0.257087047981569
0.342389707082912 0.219475557587434 0.154850929040264 0.28328380628939
0.304066868019948 0.219006813233125 0.228875465336798 0.248050853410129
0.252654928601137 0.213642035214197 0.243504783030639 0.290198253154027
0.305977367250218 0.20335622400619 0.209546377792823 0.281120030950769
0.318895430333614 0.219652368937482 0.157204934118307 0.304247266610597
0.276346930251984 0.215404427119588 0.231101211193095 0.277147431435333
0.23092953112147 0.215437345763641 0.235536057033178 0.318097066081711
0.301133382306643 0.213270017840277 0.202539615909329 0.283056983943751
0.305598106113355 0.238511349394235 0.162372928561482 0.293517615930929
0.294411951236699 0.221302233810161 0.20893524064548 0.27535057430766
0.196102528089888 0.255216693418941 0.22108246388443 0.327598314606742
0.412890121050753 0.155389640690621 0.16337734347122 0.268342894787406
0.387791455927728 0.188058656996533 0.135350065209785 0.288799821865954
0.376165726713111 0.188654207674444 0.158870581296767 0.276309484315677
0.255754794623039 0.209766316682046 0.199441354714817 0.335037533980098
0.412974650367979 0.138280250770553 0.173463611012098 0.27528148784937
0.415783602900167 0.181778344355031 0.132937614532707 0.269500438212095
0.386737141334281 0.168739451008262 0.182908412543306 0.261614995114151
0.264923966318964 0.187080557999246 0.196732436848058 0.351263038833731
0.399979748886189 0.158282705548805 0.185945727014986 0.25579181855002
0.3734375 0.230357142857143 0.1271875 0.269017857142857
0.35334323922734 0.18437699002335 0.21142008066228 0.25085969008703
0.258205689277899 0.226087175230765 0.187404109761312 0.328303025730023
0.361395996146023 0.163858259287014 0.193276951075902 0.281468793491061
0.322867568800365 0.238520602098221 0.154629770412042 0.283982058689372
0.310358924045458 0.205952088954296 0.217030496279944 0.266658490720301
0.237831946622717 0.202610383051118 0.221536989287328 0.338020681038837
0.401746516510785 0.15515842718076 0.193596106127123 0.249498950181332
0.373965698811494 0.178275913946141 0.174740484429066 0.273017902813299
0.380095743885107 0.172974792430249 0.238462113845463 0.20846734983918
0.287685668406263 0.168983340024087 0.216378964271377 0.326952027298274
0.358004544515596 0.17229911175377 0.214459822350754 0.25523652137988
0.32513383179224 0.198115294429943 0.179179754899792 0.297571118878025
0.347082132564841 0.184546109510086 0.203025936599424 0.265345821325648
0.201729027284491 0.210319099143746 0.23595165331351 0.352000220258253
0.324191921617598 0.167066903606935 0.203760626290764 0.304980548484703
0.327899612994019 0.182713732848599 0.15937609944881 0.330010554708573
0.330085899853342 0.190446260213702 0.181297576646414 0.298170263286542
0.229067366757577 0.186654092218286 0.218769913083374 0.365508627940764
0.3315562388415 0.187289228327713 0.213052965681412 0.268101567149375
0.35959521468371 0.20169616519174 0.169288757784333 0.269419862340216
0.304362683676956 0.226411512321069 0.20902152864791 0.260204275354065
0.230821653301833 0.200631516776084 0.256332205083937 0.312214624838145
0.342244265344079 0.189287042777433 0.228691878487291 0.239776813391197
0.364379744050457 0.211726742693704 0.176524513219171 0.247369000036669
0.308508115067936 0.23515061159489 0.234710127740318 0.221631145596856
0.233960773989733 0.224851915229696 0.252073186784257 0.289114123996314
0.306158638868919 0.203618499880182 0.201341960220465 0.288880901030434
0.336818055940183 0.209810301855442 0.161035724176128 0.292335918028247
0.292782762459886 0.205121487982186 0.218612875761347 0.283482873796581
0.236195415168837 0.218692910601685 0.227237904413931 0.317873769815546
0.318982337886121 0.179661961837671 0.25094392215493 0.250411778121278
0.341771703724685 0.196041637161875 0.183295567200113 0.278891091913327
0.363056628525618 0.177647401792872 0.200750674149114 0.258545295532396
0.23266992114157 0.228464138190011 0.226461384403555 0.312404556264864
0.421779362860861 0.140585088437997 0.154344787700612 0.28329076100053
0.336938560913324 0.211919783686345 0.140678984527565 0.310462670872766
0.366323603846803 0.203981778302683 0.164636409650751 0.265058208199764
0.235019955535317 0.204885757908553 0.168724720756435 0.391369565799695
0.371629975056935 0.12399956620757 0.137555579655135 0.36681487908036
0.336617536053395 0.178220968574947 0.121926025982281 0.363235469389377
0.34033475549721 0.168081016456468 0.172300623564161 0.31928360448216
0.241615476946975 0.149097413448187 0.161006378121396 0.448280731483443
0.401140684410646 0.133798571826022 0.171566354446814 0.293494389316517
0.343040302141828 0.191223972568702 0.125975252198976 0.339760473090493
0.35469463541928 0.162844381994279 0.201836703969489 0.280624278616952
0.241716751425489 0.169344274926799 0.19001386962552 0.398925104022191
0.36840784098948 0.165605531594441 0.176308162753018 0.289678464663061
0.323758947125375 0.203925190487185 0.147540983606557 0.324774878780882
0.338063053608161 0.192561185508585 0.225515301624617 0.243860459258637
0.20420551564513 0.209533375548617 0.184706421818023 0.401554686988231
0.347509861932939 0.169995069033531 0.204191321499014 0.278303747534517
0.356474319306931 0.190826113861386 0.171372215346535 0.281327351485149
0.350436328377505 0.188308015513898 0.217032967032967 0.24422268907563
0.216864727040932 0.209078905431863 0.22034785776078 0.353708509766425
0.32759202158412 0.184597224898824 0.238581614954712 0.249229138562343
0.342213912908 0.191088260497001 0.19272415673444 0.273973669860559
0.333597464342314 0.188373433222879 0.240995533784757 0.23703356865005
0.217342566759665 0.208897967317656 0.262305699481865 0.311453766440813
0.348657485385911 0.1969186564946 0.218146239968295 0.236277618151194
0.329387053656674 0.234294443383617 0.17067023104831 0.2656482719114
0.337355407975556 0.21560190814704 0.227636953200511 0.219405730676893
0.211413997367266 0.24341816586222 0.237851031154015 0.307316805616498
0.3309968469561 0.204123211253941 0.215134610720349 0.249745331069609
0.331838264827956 0.226402463515866 0.151191591913241 0.290567679742937
0.307350427350427 0.221264957264957 0.222974358974359 0.248410256410256
0.232108929702343 0.233202832632852 0.226840923484369 0.307847314180436
0.352415423253065 0.180110306790762 0.198847687989363 0.268626581966809
0.331159883037005 0.210701441871408 0.139548953046752 0.318589722044836
0.322429738385692 0.204253481593436 0.207456187700169 0.265860592320702
0.236152471709351 0.216470843034274 0.208673994260653 0.338702690995723
0.395469425792731 0.173002939138331 0.144113359936916 0.287414275132022
0.308335779277957 0.23528764308776 0.109407103023188 0.346969474611095
0.352398739348664 0.200070036185362 0.151667250301545 0.295863974164429
0.202889197776013 0.250521247021446 0.162579428117554 0.384010127084988
0.425151120066374 0.119236695507882 0.183880526253408 0.271731658172336
0.355303240099695 0.205621711437275 0.153143173636112 0.285931874826918
0.331894558347464 0.176455475052669 0.201993731051847 0.289656235548019
0.241921005385996 0.193693895870736 0.208236086175943 0.356149012567325
0.416105462388309 0.152559531669528 0.176064087327787 0.255270918614376
0.358801823312351 0.2 0.140915997395268 0.300282179292381
0.371824662281911 0.174746957583396 0.199913355125832 0.253515025008861
0.2243512005821 0.205748241571671 0.180911957312636 0.388988600533592
0.373111222554129 0.15033905326734 0.169526633669843 0.307023090508689
0.33198413671859 0.203115417637679 0.111738010548264 0.353162435095466
0.35784870274589 0.184348849922207 0.16609898658593 0.291703460745974
0.213217535556586 0.204825449488912 0.178673367324535 0.403283647629968
0.444917847558966 0.135563297396544 0.190574831693423 0.228944023351066
0.374751450716228 0.16183094590756 0.173680152578826 0.289737450797387
0.376962629694243 0.176889174547792 0.23060325039023 0.215544945367735
0.258297789421266 0.169549873340983 0.231277199211899 0.340875138025851
0.432214097810552 0.157984133231145 0.184787787145017 0.225013981813286
0.362512248611824 0.155988987914703 0.150576268022957 0.330922495450516
0.418183113136997 0.143157294968128 0.201096827036074 0.237562764858801
0.249376759147567 0.186462940624581 0.204610642005093 0.359549658222758
0.296833799641714 0.217407057023812 0.180411022322417 0.305348121012057
0.297320696254443 0.24154743461223 0.123849448646678 0.337282420486649
0.29947302186566 0.203437155891144 0.18821771275759 0.308872109485606
0.204395488840401 0.23015852151739 0.194379452667 0.37106653697521
0.26809775789646 0.196088593093666 0.201025585074464 0.33478806393541
0.34032634032634 0.216783216783217 0.134199134199134 0.308691308691309
0.270525124680441 0.1993629772432 0.199488705418884 0.330623192657475
0.256325632563256 0.180485395478323 0.229541321479087 0.333647650479334
0.269560401888136 0.206930196988476 0.206692861475172 0.316816539648216
0.346140781279487 0.225665219852802 0.137233440271749 0.290960558595961
0.267131594906004 0.204252577319588 0.223658277744087 0.304957550030321
0.261592992278864 0.200072244547794 0.237639409400822 0.30069535377252
0.241453665719996 0.220705795729463 0.190333438518986 0.347507100031556
0.280407450938491 0.250988353456566 0.145955764504755 0.322648431100189
0.243575499086054 0.235798000071682 0.200602128955951 0.320024371886312
0.190469236760125 0.254843263239875 0.229166666666667 0.325520833333333
0.368532373646494 0.147614988793131 0.171796571645042 0.312056065915333
0.410895660203139 0.12979378270237 0.169929208987381 0.28938134810711
0.316786215795666 0.184333371285438 0.177805609321037 0.32107480359786
0.264592399838485 0.186369958275382 0.248530665350621 0.300506976535511
0.259553646548289 0.204335119337555 0.222113979542133 0.313997254572023
0.30261129748844 0.181340103363859 0.17435850938435 0.341690089763351
0.251431137052419 0.185729786358364 0.248587570621469 0.314251505967748
0.173686896920497 0.204554845295676 0.271006003451377 0.35075225433245
0.416284403669725 0.174559880981899 0.162348127944458 0.246807587403918
0.311849374271863 0.309143522868203 0.126836784546582 0.252170318313353
0.347499368527406 0.228624652690073 0.19004167719121 0.233834301591311
0.272845630653887 0.245953893465622 0.181754921547061 0.299445554333431
0.393383827132992 0.0999331699710403 0.172265537981733 0.334417464914235
0.477102570501622 0.140160968305465 0.110899675567756 0.271836785625156
0.406793083725637 0.12565445026178 0.206784284394386 0.260768181618197
0.36432423275643 0.111719698466925 0.195064795731105 0.328891273045541
0.373972378999329 0.136725768107 0.15855761029345 0.330744242600221
0.357079533941236 0.191236068895643 0.125316616008105 0.326367781155015
0.317945582390706 0.159278508101498 0.209503428396733 0.313272481111063
0.26976901844947 0.162631349571449 0.15224444336836 0.415355188610721
0.366951732784096 0.183330348347811 0.139831646816513 0.309886272051581
0.288985562673296 0.261497275074099 0.119657711062243 0.329859451190362
0.325856612082015 0.205953855327737 0.189211504059447 0.278978028530801
0.21084956086109 0.259458779634016 0.148091475045591 0.381600184459304
0.330942700573247 0.174322583903634 0.198237329225485 0.296497386297634
0.368722770006879 0.174271955973401 0.174959871589085 0.282045402430635
0.338632830131902 0.164752495110086 0.191734791112894 0.304879883645118
0.264585045193098 0.195651691132381 0.294165981922761 0.24559728175176
0.250888976689056 0.153647709577707 0.276012736188905 0.319450577544333
0.341886668311539 0.148120733612962 0.222921292869479 0.28707130520602
0.291539986781229 0.153767349636484 0.264044943820225 0.290647719762062
0.212942463122516 0.142708527834832 0.317799887967137 0.326549121075515
0.418193462159604 0.157682240908838 0.206131313693824 0.217992983237735
0.450138504155125 0.188217253660467 0.156311832212109 0.205332409972299
0.420875782909062 0.178194134566275 0.198892502889707 0.202037579634956
0.29396834518593 0.195962933697292 0.27818882743098 0.231879893685798
0.355675945670759 0.17226672814247 0.125929341248343 0.346127984938428
0.38420987603476 0.154977142621803 0.0955479593097484 0.365265022033689
0.327991886409736 0.170588235294118 0.139519945909398 0.361899932386748
0.2553118574366 0.198492117888965 0.162474297464016 0.383721727210418
0.360106678519836 0.173997110790088 0.138370930103345 0.327525280586732
0.335285132382892 0.154616429056348 0.153513238289206 0.356585200271555
0.406977399537846 0.155948824888688 0.156625147945669 0.280448627627797
0.227924899565467 0.201053537755186 0.185065999836025 0.385955562843322
0.283748763134335 0.195330537624276 0.303727088536022 0.217193610705367
0.341095263836334 0.263794752380556 0.176223543598486 0.218886440184623
0.294291520413819 0.233973766857565 0.237483835211528 0.234250877517088
0.190960018744542 0.291690629859203 0.226169936311159 0.291179415085096
0.31160071942446 0.16291029676259 0.207452787769784 0.318036196043165
0.365923042371612 0.195238808204821 0.152058691420871 0.286779458002695
0.318394648829431 0.179629066585588 0.209729401033749 0.292246883551231
0.300436418359669 0.19012791572611 0.280210684725357 0.229224981188864
0.288103834376857 0.147479548466706 0.160801608701613 0.403615008454824
0.305517072773205 0.183685111237878 0.091842555618939 0.418955260369978
0.305323008232175 0.154004464908609 0.156690386493651 0.383982140365564
0.297938198415613 0.145795078957033 0.137505902103772 0.418760820523582
0.318795534226819 0.188054802695378 0.160728050326976 0.332421612750827
0.372151898734177 0.239121089085264 0.0862192500597086 0.30250776212085
0.317109067017083 0.213403416557162 0.154954007884363 0.314533508541393
0.258135003732906 0.201795436750005 0.132982500864942 0.407087058652148
0.640381176355307 0.096739423336028 0.134195634599838 0.128683765708826
0.648659377142651 0.0895673198368879 0.0910468766915665 0.170726426328895
0.522462203023758 0.130399568034557 0.17829373650108 0.168844492440605
0.62374588901378 0.0657549644061446 0.20038716123392 0.110111985346155
0.276701926980109 0.234783543064543 0.288700780820937 0.199813749134411
0.411411911703457 0.189920866305706 0.142357351103707 0.25630987088713
0.305064500716675 0.215002388915432 0.260200668896321 0.219732441471572
0.308950600510842 0.174936144774741 0.240041302103147 0.276071952611271
0.336717680726639 0.219883040935673 0.21157148189623 0.231827796441458
0.370449029126214 0.250505663430421 0.159283980582524 0.219761326860841
0.368192878919252 0.208961485749448 0.232987441613291 0.18985819371801
0.287840770378408 0.233317509833175 0.2448799674488 0.233961752339618
0.267125809455743 0.203950360600351 0.193597990167414 0.335325839776493
0.356902576831379 0.21878572128417 0.1409582285509 0.283353473333551
0.325549880120922 0.168317175718406 0.210153236735119 0.295979707425553
0.273312332757511 0.19940385462182 0.255529587101582 0.271754225519087
0.197125307125307 0.209287469287469 0.213169533169533 0.38041769041769
0.280999739263232 0.225276567214214 0.160762841285805 0.332960852236749
0.219279621559206 0.180429843185458 0.249525086601855 0.350765448653481
0.198255528255528 0.23019656019656 0.268501228501228 0.303046683046683
0.233716085763642 0.229922433357044 0.22081089320191 0.315550587677404
0.250946870982313 0.289447166336565 0.164182216199312 0.29542374648181
0.224729742970051 0.243998824259447 0.242692445866945 0.288578986903557
0.183852034738917 0.285101682801637 0.237996231563901 0.293050050895545
0.172250101722501 0.155940594059406 0.104333378543334 0.567475925674759
0.123542080384863 0.152322881995916 0.0478001845998937 0.676334853019327
0.108515372168285 0.151699029126214 0.0768608414239482 0.662924757281553
0.14147069802165 0.158890133134254 0.122906557173075 0.576732611671022
0.287484375849139 0.169936416499103 0.257105592087387 0.285473615564372
0.459961777353082 0.15776397515528 0.120544672718586 0.261729574773053
0.26314035818409 0.201166180758017 0.206747188671387 0.328946272386506
0.357768810143509 0.115523293297357 0.214606365959073 0.312101530600062
0.4653428250281 0.124557678697806 0.131822155613838 0.278277340660256
0.394330453563715 0.159179265658747 0.0974622030237581 0.34902807775378
0.399913391793872 0.146512215365739 0.180650283281008 0.272924109559381
0.347272237328826 0.147791577864335 0.190857646799441 0.314078538007398
0.290693227962197 0.200447948722618 0.187227998616093 0.321630824699091
0.275532194480946 0.23611038107753 0.118475689881735 0.36988173455979
0.265488416527347 0.210890852639121 0.215333174110342 0.308287556723191
0.282417882984807 0.217644279782182 0.186438570753661 0.31349926647935
0.199779654792508 0.252137873144116 0.251219768112901 0.296862703950475
0.3247523371006 0.240616715501605 0.177131296218781 0.257499651179015
0.257395485290522 0.240730176839703 0.265667019802787 0.236207318066987
0.228097436131804 0.239294364974178 0.279237694803711 0.253370504090307
0.411437170805117 0.152656132430399 0.158434913468774 0.277471783295711
0.322833688051079 0.156339312861052 0.128853754940711 0.391973244147157
0.410061386435095 0.151699356191047 0.18996855816739 0.248270699206468
0.251939073741007 0.179069244604317 0.230524955035971 0.338466726618705
0.401090591518095 0.105991863164845 0.179010373399791 0.313907171917268
0.417005357472751 0.128348420469241 0.167097727692592 0.287548494365417
0.407875587342509 0.115056759116803 0.151523971890723 0.325543681649965
0.261979927437214 0.170122037412241 0.186165952033172 0.381732083117373
0.229503156513897 0.219418709518734 0.181786504878249 0.36929162908912
0.267203967761934 0.232598771346446 0.130755791016175 0.369441469875444
0.245756958587916 0.214103869653768 0.159665648336728 0.380473523421589
0.165573952661407 0.21562395821758 0.207334148238693 0.41146794088232
0.331871144619602 0.257573680603153 0.142254969156957 0.268300205620288
0.392765382014875 0.250135226504395 0.10682893847194 0.25027045300879
0.337053663358181 0.273011819941518 0.156706890161031 0.233227626539269
0.235855762396019 0.300789579851305 0.17482181622577 0.288532841526905
0.293130282786198 0.21059310873261 0.16715753178651 0.329119076694682
0.320260208058923 0.214779172602887 0.145721889196527 0.319238730141663
0.264641867827463 0.230164226355362 0.17817570241393 0.327018203403245
0.222281004622153 0.245642367878822 0.231497466169182 0.300579161329844
0.294993198004748 0.162154231908026 0.229667369094935 0.313185200992291
0.43773959021811 0.126338400528751 0.17650363516193 0.259418374091209
0.362283082490336 0.135085122131754 0.218767990788716 0.283863804589193
0.276895902572803 0.156924721686383 0.261603179398982 0.304576196341832
0.40429500988252 0.135068511403762 0.153234582158165 0.307401896555553
0.354330708661417 0.206880987010382 0.125532875269572 0.313255429058629
0.405477118616307 0.147082910210633 0.179185638942575 0.268254332230485
0.254021566201167 0.179398469658325 0.152655370085103 0.413924594055405
0.359590835726413 0.150355293772402 0.10803446035173 0.382019410149454
0.288427136369891 0.220035778175313 0.0907756524930049 0.400761432961791
0.321111004876183 0.174347451955254 0.144373267042738 0.360168276125825
0.249440315214471 0.162980209545984 0.126242500223874 0.461336975015671
0.282044453053121 0.143503946540119 0.210982519006344 0.363469081400416
0.301742586365026 0.205267065554439 0.155260514477879 0.337729833602655
0.25056990881459 0.180851063829787 0.284511144883485 0.284067882472138
0.234179627243526 0.167794856904343 0.277552946300564 0.320472569551567
0.376634009994636 0.209096812445298 0.189446342358621 0.224822835201446
0.356240925689648 0.264815873993576 0.148488714857671 0.230454485459105
0.341808085849763 0.225885949588221 0.256613426503619 0.175692538058398
0.2707730006683 0.245177099576743 0.184851860102473 0.299198039652484
0.323935441872994 0.188533973826573 0.16918449347909 0.318346090821343
0.35204597120485 0.209775195756504 0.121432179843395 0.316746653195251
0.316283964072306 0.186553421774588 0.150325077981134 0.346837536171972
0.221485246714605 0.208281676171584 0.206886932804364 0.363346144309447
0.325596091680237 0.205624286026785 0.228520039860973 0.240259582432005
0.41452463800651 0.175290904328956 0.206570135069405 0.203614322595129
0.376643394686735 0.220192220509566 0.191177803971348 0.211986580832351
0.261147766018687 0.184807155825178 0.295576318469645 0.25846875968649
0.300035892144107 0.200300596706896 0.203216833415586 0.296446677733411
0.357357015446506 0.212417928574139 0.155527724012296 0.274697331967058
0.3222837796245 0.202493074792244 0.216897506925208 0.258325638658049
0.247056223758563 0.214540518357168 0.248539950121539 0.28986330776273
0.324157904984424 0.195823598130841 0.187621690031153 0.292396806853583
0.377262463710978 0.211497795777929 0.130317909752339 0.280921830758754
0.315632011967091 0.191936460448054 0.212950101506571 0.279481426078285
0.304696539392027 0.18533712001683 0.241164405175134 0.268801935416009
0.33550819524089 0.178105386734095 0.209283424391565 0.277102993633449
0.387507580351728 0.180412371134021 0.152744087325652 0.279335961188599
0.303415738818645 0.179543310058502 0.245706737120211 0.271334214002642
0.301073283932386 0.170222304264128 0.269507660662957 0.259196751140529
0.31689903684246 0.176331918906176 0.166183965335309 0.340585078916055
0.309878043669586 0.200578349608147 0.113909727169859 0.375633879552408
0.291541791541792 0.172261072261072 0.176523476523477 0.35967365967366
0.212072445583983 0.207708253777754 0.177977197097812 0.402242103540451
0.352611793159652 0.175372643865506 0.18644023239307 0.285575330581771
0.300180902941639 0.222078024225263 0.1269073462325 0.350833726600598
0.316959810443817 0.183176888726875 0.152328442540782 0.347534858288526
0.187254684889596 0.23636802801876 0.156377689660031 0.419999597431614
0.422034579815038 0.125854443104142 0.191395255327704 0.260715721753116
0.380399558420284 0.17887539617535 0.15241622449343 0.288308820910936
0.365405254071205 0.179786290887033 0.186085576967944 0.268722878073818
0.247115603703627 0.17008099094807 0.191291919547611 0.391511485800692
0.357914564704354 0.150193777469851 0.187022322298482 0.304869335527313
0.33624093288036 0.181342392801396 0.125470572031953 0.356946102286291
0.34070527127379 0.177900417968591 0.201598831311123 0.279795479446496
0.2057341933054 0.200320135586837 0.191139776846664 0.402805894261099
0.391256617306238 0.157034470981435 0.168744358517723 0.282964553194604
0.313653757201127 0.213447710357008 0.136495521634919 0.336403010806947
0.346825299480764 0.181405617564087 0.188356024367309 0.283413058587841
0.201687634912675 0.205852212022763 0.180210627303055 0.412249525761507
0.384913897647344 0.136720834343924 0.200339558573854 0.278025709434878
0.365444448820448 0.154818636524753 0.17423496514513 0.305501949509669
0.374690688083351 0.149077490774908 0.257868461037552 0.218363360104189
0.237246357674193 0.142149742506272 0.225890224041551 0.394713675777983
0.347194793536804 0.17064631956912 0.212230700179533 0.269928186714542
0.336570577051539 0.200298031961359 0.153229535995067 0.309901854992035
0.349383827194683 0.177997784547217 0.221995292162836 0.250623096095264
0.193765556477421 0.21469716723954 0.199217731421121 0.392319544861918
0.310539118347895 0.183379666401906 0.235280976965846 0.270800238284353
0.299910509318704 0.224310338119139 0.161550134236022 0.314229018326135
0.293366598180217 0.2082477252715 0.230004402700323 0.26838127384796
0.208439867141389 0.214103084900476 0.235441707089775 0.34201534086836
0.289512155503817 0.196707997184471 0.235015431263198 0.278764416048514
0.283565439562417 0.234697182338335 0.162546331282162 0.319191046817086
0.272275064699358 0.217524283265553 0.227338419655161 0.282862232379928
0.198527601319742 0.221352243068893 0.244103018663515 0.336017136947851
0.322586216823076 0.202573550578617 0.200241810121481 0.274598422476827
0.296512820512821 0.249606837606838 0.152786324786325 0.301094017094017
0.2970946579194 0.231456687642255 0.205348774936404 0.266099879501941
0.186975503274315 0.262430269221441 0.209192335677904 0.34140189182634
0.342886134269416 0.180479376919702 0.192902588854761 0.283731899956121
0.328313534748854 0.208617840551242 0.154273064571446 0.308795560128457
0.320259690662593 0.199732671376742 0.187359175100248 0.292648462860416
0.216115129297533 0.229416427226791 0.217626077479441 0.336842365996235
0.38703168593065 0.150582901554404 0.181197688322041 0.281187724192906
0.348616913989339 0.193487970033136 0.159595159198963 0.298299956778562
0.357715977253252 0.181545532445275 0.192178857988627 0.268559632312846
0.229475814222394 0.208951628444787 0.222032183465022 0.339540373867797
0.418658653189455 0.132245139552884 0.160110185311661 0.288986021946
0.341750161603103 0.217032967032967 0.129080478345184 0.312136393018746
0.371132425742574 0.177405631188119 0.170792079207921 0.280669863861386
0.230571992110454 0.198545364891519 0.172855029585799 0.398027613412229
0.452191191562766 0.122104067952049 0.149289254754678 0.276415485730506
0.414088409386676 0.168842617858192 0.106418706183619 0.310650266571513
0.405957053798199 0.149849919187255 0.177695682290464 0.266497344724082
0.286346728737363 0.161292530978298 0.157527212980078 0.394833527304261
0.366909385113269 0.131183541377716 0.176124980736631 0.325782092772384
0.343303056154966 0.184423144477342 0.154012144326793 0.318261655040899
0.314813894548527 0.178154350742931 0.222928986731601 0.284102767976942
0.238013539831216 0.168297319855328 0.196443475841603 0.397245664471854
0.343877238814752 0.184871378474429 0.194568005836805 0.276683376874014
0.295325613015144 0.22874958976042 0.175629424726898 0.300295372497539
0.303881450876008 0.240157323904493 0.224186563902904 0.231774661316594
0.190304739182301 0.235462531178831 0.19459928424249 0.379633445396378
0.334261913052795 0.190046339699462 0.210992955294244 0.2646987919535
0.305247173949722 0.185895056521006 0.174692087059221 0.334165682470052
0.342721946822893 0.183077963046417 0.207939011566772 0.266261078563918
0.223962600607258 0.240083859463107 0.232613619933491 0.303339919996144
0.270071348103643 0.216722994116911 0.211415696582801 0.301789961196645
0.281029079513155 0.243276729101377 0.169521171926244 0.306173019459223
0.262781475711656 0.221781617334655 0.214594250106217 0.300842656847472
0.203126979702506 0.226566657375263 0.246560068925322 0.323746293996909
0.323590076020979 0.192733808710001 0.198774235370381 0.284901879898639
0.313543781518109 0.226832143558845 0.157639662060384 0.301984412862663
0.295659097202991 0.24023816117419 0.199875380780947 0.264227360841872
0.212964294272705 0.218188353702372 0.238126048406422 0.3307213036185
0.361827036988285 0.180413321047782 0.173120968803475 0.284638673160458
0.382339985768983 0.186527970724765 0.140006099007217 0.291125944499034
0.323860511165707 0.218657181621503 0.180521433024092 0.276960874188699
0.25197768133912 0.198784872907626 0.217656540607564 0.331580905145691
0.325753617591604 0.193975602553327 0.191772108766271 0.288498671088799
0.325891331586741 0.197137107491362 0.154801230208452 0.322170330713445
0.300024582104228 0.223451327433628 0.19149459193707 0.285029498525074
0.222847649275937 0.234402896250744 0.207994445546519 0.3347550089268
0.325873626793771 0.187750108327174 0.171437310427446 0.31493895445161
0.299252741113206 0.196801452615406 0.1414204902577 0.362525316013688
0.298620069582894 0.200265822289981 0.175051796255033 0.326062311872093
0.175952163680899 0.2313769751693 0.176480476442054 0.416190384707747
0.358773161531896 0.153464937639382 0.199856832135679 0.287905068693043
0.310662824207493 0.229682997118156 0.167363112391931 0.292291066282421
0.297969296111136 0.204618855904084 0.209706676104942 0.287705171879839
0.23685189010535 0.209935963643875 0.205391448047924 0.347820698202851
0.31904857486953 0.163664191087916 0.187449819349659 0.329837414692894
0.311691225970529 0.198556361732366 0.152143017428379 0.337609394868726
0.28667067850158 0.189483977734316 0.236008725740936 0.287836618023168
0.213471082267608 0.181141439205955 0.202662721893491 0.402724756632945
0.346978920226481 0.157074882373269 0.160185012892421 0.335761184507828
0.304594881857575 0.203581064508217 0.116466355980705 0.375357697653503
0.34168313820891 0.1650828645279 0.196138056864832 0.297095940398358
0.219805160047104 0.178203618456268 0.179102879777326 0.422888341719302
0.351492743781282 0.148142558917478 0.170150154681959 0.330214542619281
0.332286138824029 0.174824877945235 0.141668435576311 0.351220547654426
0.332276785714286 0.169598214285714 0.203705357142857 0.294419642857143
0.213446739570676 0.176326447954638 0.211360874848117 0.398865937626569
0.33766494910142 0.188412718361191 0.228201583511374 0.245720749026015
0.355201208137159 0.191436439548725 0.188993515146131 0.264368837167984
0.335072902557565 0.203888136403474 0.235519082144849 0.225519878894112
0.215021072274757 0.213972700396285 0.255614031409221 0.315392195919737
0.325760031922588 0.194902361772701 0.210265107115246 0.269072499189466
0.324929042721811 0.21858527774706 0.171919348298868 0.284566331232261
0.323695009065751 0.199796418233292 0.217927919330725 0.258580653370233
0.214624907359117 0.229365101150119 0.24094864263951 0.315061348851253
0.290956059390048 0.199714085072231 0.217746789727127 0.291583065810594
0.302656613346487 0.233951095764921 0.158057924036361 0.30533436685223
0.273534326695446 0.215464419997215 0.21821473332405 0.292786519983289
0.220957078392276 0.208311470248714 0.238744884038199 0.33198656732081
0.286975596380587 0.193666026871401 0.237866739786126 0.281491636961887
0.305652234442434 0.226820270082138 0.165042461367117 0.302485034108311
0.270009812167087 0.218530978413232 0.235527053546398 0.275932155873283
0.220330786342973 0.209352935486991 0.253530322081439 0.316785956088597
0.338638569249965 0.189879384444753 0.182420629419104 0.289061416886178
0.308702676125588 0.236812530729789 0.145255320643394 0.309229472501229
0.334748391731705 0.20879730921203 0.193939196029128 0.262515103027136
0.220349594310328 0.234473605128719 0.21739457077031 0.327782229790644
0.348363418470527 0.155469003570269 0.222405312960328 0.273762264998877
0.369565217391304 0.182397437644814 0.148289491617827 0.299747853346054
0.336885731201895 0.17746200907835 0.198381685415433 0.287270574304322
0.256231726051836 0.184771296892809 0.224986371970861 0.334010605084494
0.352718946765884 0.165724098454493 0.19807670291929 0.283480251860332
0.353163642544512 0.195045255598521 0.144010538392895 0.307780563464072
0.341335964335307 0.187458890594168 0.187276182123803 0.283928962946722
0.250098716683119 0.194101678183613 0.208613030602172 0.347186574531096
0.391864045750272 0.126855131856174 0.154985992452131 0.326294829941423
0.365346654312533 0.184506304636829 0.110502356685332 0.339644684365306
0.381411507533765 0.169568272308533 0.174213443672418 0.274806776485284
0.260575949061792 0.161497274612899 0.170565819304423 0.407360957020887
0.436599454572784 0.115914020056261 0.14979922265885 0.297687302712105
0.399497606521636 0.165884639082421 0.118015071804351 0.316602682591592
0.389471676521076 0.156446690825863 0.203032614915125 0.251049017737936
0.305614155939209 0.139987945063934 0.178090153700435 0.376307745296422
0.371709110824238 0.149982396432344 0.178285021319876 0.300023471423542
0.32196766941441 0.185847339685259 0.163151696820469 0.329033294079863
0.300859208073828 0.196117652407146 0.233077237805155 0.26994590171387
0.227586684839105 0.175310124974012 0.182494398114995 0.414608792071889
0.349683048518885 0.174238954903709 0.184916483887295 0.291161512690111
0.317406587683895 0.210259080848848 0.164605303128933 0.307729028338324
0.3385073441842 0.205637157602223 0.210123064708218 0.245732433505359
0.19119721414088 0.220378206823592 0.195781539275324 0.392643039760205
0.313832513325133 0.188063755637556 0.214022140221402 0.284081590815908
0.327230029721499 0.204014236964738 0.174879829743514 0.293875903570249
0.317148317148317 0.207129207129207 0.214032214032214 0.261690261690262
0.210371502686678 0.213498239762831 0.232606077450435 0.343524180100056
0.299583116206357 0.199661281917665 0.22892131318395 0.271834288692027
0.318287880997521 0.207598074959895 0.18692576928686 0.287188274755724
0.301546301790638 0.215749240811198 0.230618869768578 0.252085587629586
0.213672269114354 0.217265054014814 0.253266727366686 0.315795949504146
0.334114513981358 0.202663115845539 0.206284953395473 0.25693741677763
0.333415588535975 0.2267775936828 0.159904113935206 0.279902703846018
0.318479813059847 0.234064650136311 0.214364533298715 0.233091003505128
0.212511403623094 0.246865632738173 0.231695555845171 0.308927407793562
0.349862396797598 0.179759819864899 0.196797598198649 0.273580185138854
0.353186226648441 0.205819175942199 0.156154396927683 0.284840200481677
0.328629032258065 0.204205069124424 0.204709101382488 0.262456797235023
0.247173829938288 0.213969744962045 0.226393970837202 0.312462454262465
0.361470150641622 0.157453040729031 0.188209038497303 0.292867770132044
0.356405226338972 0.186290113632158 0.157271347669986 0.300033312358885
0.333921399346871 0.185878908449383 0.205172478510566 0.27502721369318
0.239198334200937 0.199505465903175 0.215799062988027 0.34549713690786
0.389446190828402 0.148622411242604 0.153291420118343 0.308639977810651
0.333579003398436 0.197191172255661 0.135200425828113 0.334029398517791
0.355451689525707 0.181058922687917 0.176423262585243 0.287066125201134
0.202808376709841 0.208425130129524 0.171262559012226 0.417503934148408
0.400389205411362 0.132236055426602 0.153501676396802 0.313873062765234
0.325576664903788 0.189740043122737 0.145844351328262 0.338838940645214
0.34192384213205 0.172905195946884 0.176051450515893 0.309119511405173
0.209518043633376 0.186122943198772 0.168652295184761 0.435706717983092
0.383111954459203 0.135436432637571 0.179198292220114 0.302253320683112
0.343282264117621 0.176299174356484 0.159168175195373 0.321250386330522
0.342319547315637 0.172930947232829 0.203477940838202 0.281271564613332
