0.266320849204659 0.234515106347742 0.221354721177278 0.277809323270321
0.277046316669427 0.230873573552259 0.225909101663236 0.266171008115078
0.273053840269398 0.236183074265976 0.227433143271741 0.263329942192885
0.275695775269911 0.227845206268089 0.225834181118445 0.270624837343554
0.258951033509199 0.219010496762644 0.210179730443766 0.311858739284391
0.272225771090133 0.205928975323538 0.199945189706706 0.321900063879622
0.276482440990213 0.218365785758787 0.212299193224028 0.292852580026971
0.299070985244596 0.209456155708551 0.216739221299517 0.274733637747336
0.294201149833203 0.205280321133114 0.230954408876902 0.269564120156781
0.283503284674411 0.214645389231946 0.224913447054834 0.276937879038809
0.263489641248886 0.222425296330471 0.240291874669758 0.273793187750885
0.247551281141316 0.232466620925702 0.251301251567417 0.268680846365565
0.253878123989558 0.24875198145125 0.236894819441487 0.260475075117704
0.263022373640586 0.243339957886767 0.227849149454657 0.265788519017989
0.270232490280045 0.231427591265053 0.224272679237545 0.274067239217356
0.289183444925513 0.226396085204375 0.211593362828369 0.272827107041743
0.260987689371535 0.227289216962011 0.190442110077996 0.321280983588458
0.290050945970458 0.211808266496321 0.203131284453593 0.295009503079629
0.272963146978336 0.22489175952871 0.223334200834378 0.278810892658575
0.275743093508726 0.232226086545059 0.212212443119534 0.279818376826681
0.282513544845861 0.215390651493285 0.235199249217277 0.266896554443577
0.271910316164699 0.230392504790972 0.252296906175819 0.24540027286851
0.276709174217869 0.23581241472859 0.24473387433853 0.24274453671501
0.27218436763117 0.229530918525879 0.228907895048146 0.269376818794804
0.267596470059384 0.228590468529428 0.216802312284603 0.287010749126584
0.29893888849457 0.22389216173374 0.187319106316196 0.289849843455493
0.303806752312679 0.218842911333507 0.197715317702542 0.279635018651272
0.286868794410139 0.228898037081726 0.221928454822911 0.262304713685223
0.281787998517362 0.22125614151308 0.242255581580587 0.254700278388972
0.287363664324414 0.22020725388601 0.234854220392584 0.257574861396992
0.298846223610224 0.192169225794749 0.211926562093359 0.297057988501668
0.294489002452662 0.192583260384382 0.220124446968084 0.292803290194872
0.28266732912201 0.22089336834883 0.236804126150425 0.259635176378735
0.295652242490201 0.220897311535398 0.240471289658599 0.242979156315802
0.269152057160433 0.227545524088927 0.22533931120417 0.27796310754647
0.267407197104124 0.240920812927343 0.219773503363538 0.271898486604995
0.275400036277316 0.228460343372686 0.195970457646233 0.300169162703764
0.268789283996183 0.221143760695894 0.192940118768779 0.317126836539144
0.327351519309785 0.179535256031104 0.207867051521676 0.285246173137436
0.267586612092965 0.210974282537204 0.249858045283555 0.271581060086277
0.280163405651375 0.216664300754726 0.246322978525406 0.256849315068493
0.285027326282916 0.211678141339579 0.243641611659214 0.259652920718291
0.279366881964653 0.218269177687873 0.251539814354776 0.250824125992697
0.26961340998888 0.238657423837351 0.222951711737289 0.268777454436479
0.275009660807091 0.230956380470186 0.184160613875285 0.309873344847438
0.272150850545343 0.226194982689411 0.17559995583631 0.326054210928936
0.284853826073927 0.208484160219557 0.223010859535808 0.283651154170708
0.299362781050623 0.211475067231331 0.205895458237711 0.283266693480335
0.286322663070481 0.194951143918423 0.218990780829804 0.299735412181292
0.301559135968959 0.193040670026262 0.225706027554988 0.279694166449791
0.286407441581691 0.222835387733535 0.205690412536179 0.285066758148595
0.246058785025355 0.246733069928471 0.20839149533521 0.298816649710964
0.259106789378633 0.227040796208232 0.206540169241567 0.307312245171568
0.255859575239943 0.223813298002382 0.225536470532567 0.294790656225109
0.232312836649553 0.23806003107231 0.212368198988967 0.31725893328917
0.288272568828322 0.204117081095575 0.207719182025378 0.299891168050725
0.245337181883424 0.214811003067799 0.216906806728654 0.322945008320124
0.296289067120922 0.224670941080906 0.198669568851981 0.280370422946191
0.320935954763764 0.172932390123106 0.199844638449224 0.306287016663906
0.271961577590082 0.20907760979803 0.202537834875119 0.316422977736769
0.264479381077436 0.231963864638291 0.193821420966712 0.309735333317561
0.307781484373152 0.190361274753354 0.230907090638086 0.270950150235408
0.275607053572133 0.182051009061443 0.26403380099526 0.278308136371164
0.309778708369808 0.205158082349508 0.238921617337403 0.246141591943281
0.308820514033801 0.199629734781271 0.167930457961688 0.32361929322324
0.29872989960647 0.190968525484815 0.191711816152869 0.318589758755846
0.26536659805522 0.230106623764797 0.255305557527149 0.249221220652834
0.264451778771461 0.222866933226079 0.220794788684632 0.291886499317829
0.282381448095835 0.203141142420012 0.170103153760617 0.344374255723535
0.233109360336275 0.23191851799276 0.20862020015615 0.326351921514815
0.47011261740838 0.128476904756272 0.201670333830175 0.199740144005173
0.275029376739931 0.227362165913518 0.255374563292088 0.242233894054463
0.436337252860782 0.164419050322947 0.221344863210858 0.177898833605413
0.277058146229131 0.222941853770869 0.222941853770869 0.277058146229131
0.177898833605413 0.221344863210858 0.164419050322947 0.436337252860782
0.242233894054463 0.255374563292088 0.227362165913518 0.275029376739931
0.199740144005173 0.201670333830175 0.128476904756272 0.47011261740838
0.326351921514815 0.20862020015615 0.23191851799276 0.233109360336275
0.344374255723535 0.170103153760617 0.203141142420012 0.282381448095835
0.291886499317829 0.220794788684632 0.222866933226079 0.264451778771461
0.249221220652834 0.255305557527149 0.230106623764797 0.26536659805522
0.318589758755846 0.191711816152869 0.190968525484815 0.29872989960647
0.32361929322324 0.167930457961688 0.199629734781271 0.308820514033801
0.246141591943281 0.238921617337403 0.205158082349508 0.309778708369808
0.278308136371164 0.26403380099526 0.182051009061443 0.275607053572133
0.270950150235408 0.230907090638086 0.190361274753354 0.307781484373152
0.309735333317561 0.193821420966712 0.231963864638291 0.264479381077436
0.316422977736769 0.202537834875119 0.20907760979803 0.271961577590082
0.306287016663906 0.199844638449224 0.172932390123106 0.320935954763764
0.280370422946191 0.198669568851981 0.224670941080906 0.296289067120922
0.322945008320124 0.216906806728654 0.214811003067799 0.245337181883424
0.299891168050725 0.207719182025378 0.204117081095575 0.288272568828322
0.31725893328917 0.212368198988967 0.23806003107231 0.232312836649553
0.294790656225109 0.225536470532567 0.223813298002382 0.255859575239943
0.307312245171568 0.206540169241567 0.227040796208232 0.259106789378633
0.298816649710964 0.20839149533521 0.246733069928471 0.246058785025355
0.285066758148595 0.205690412536179 0.222835387733535 0.286407441581691
0.279694166449791 0.225706027554988 0.193040670026262 0.301559135968959
0.299735412181292 0.218990780829804 0.194951143918423 0.286322663070481
0.283266693480335 0.205895458237711 0.211475067231331 0.299362781050623
0.283651154170708 0.223010859535808 0.208484160219557 0.284853826073927
0.326054210928936 0.17559995583631 0.226194982689411 0.272150850545343
0.309873344847438 0.184160613875285 0.230956380470186 0.275009660807091
0.268777454436479 0.222951711737289 0.238657423837351 0.26961340998888
0.250824125992697 0.251539814354776 0.218269177687873 0.279366881964653
0.259652920718291 0.243641611659214 0.211678141339579 0.285027326282916
0.256849315068493 0.246322978525406 0.216664300754726 0.280163405651375
0.271581060086277 0.249858045283555 0.210974282537204 0.267586612092965
0.285246173137436 0.207867051521676 0.179535256031104 0.327351519309785
0.317126836539144 0.192940118768779 0.221143760695894 0.268789283996183
0.300169162703764 0.195970457646233 0.228460343372686 0.275400036277316
0.271898486604995 0.219773503363538 0.240920812927343 0.267407197104124
0.27796310754647 0.22533931120417 0.227545524088927 0.269152057160433
0.242979156315802 0.240471289658599 0.220897311535398 0.295652242490201
0.259635176378735 0.236804126150425 0.22089336834883 0.28266732912201
0.292803290194872 0.220124446968084 0.192583260384382 0.294489002452662
0.297057988501668 0.211926562093359 0.192169225794749 0.298846223610224
0.257574861396992 0.234854220392584 0.22020725388601 0.287363664324414
0.254700278388972 0.242255581580587 0.22125614151308 0.281787998517362
0.262304713685223 0.221928454822911 0.228898037081726 0.286868794410139
0.279635018651272 0.197715317702542 0.218842911333507 0.303806752312679
0.289849843455493 0.187319106316196 0.22389216173374 0.29893888849457
0.287010749126584 0.216802312284603 0.228590468529428 0.267596470059384
0.269376818794804 0.228907895048146 0.229530918525879 0.27218436763117
0.24274453671501 0.24473387433853 0.23581241472859 0.276709174217869
0.24540027286851 0.252296906175819 0.230392504790972 0.271910316164699
0.266896554443577 0.235199249217277 0.215390651493285 0.282513544845861
0.279818376826681 0.212212443119534 0.232226086545059 0.275743093508726
0.278810892658575 0.223334200834378 0.22489175952871 0.272963146978336
0.295009503079629 0.203131284453593 0.211808266496321 0.290050945970458
0.321280983588458 0.190442110077996 0.227289216962011 0.260987689371535
0.272827107041743 0.211593362828369 0.226396085204375 0.289183444925513
0.274067239217356 0.224272679237545 0.231427591265053 0.270232490280045
0.265788519017989 0.227849149454657 0.243339957886767 0.263022373640586
0.260475075117704 0.236894819441487 0.24875198145125 0.253878123989558
0.268680846365565 0.251301251567417 0.232466620925702 0.247551281141316
0.273793187750885 0.240291874669758 0.222425296330471 0.263489641248886
0.276937879038809 0.224913447054834 0.214645389231946 0.283503284674411
0.269564120156781 0.230954408876902 0.205280321133114 0.294201149833203
0.274733637747336 0.216739221299517 0.209456155708551 0.299070985244596
0.292852580026971 0.212299193224028 0.218365785758787 0.276482440990213
0.321900063879622 0.199945189706706 0.205928975323538 0.272225771090133
0.311858739284391 0.210179730443766 0.219010496762644 0.258951033509199
0.270624837343554 0.225834181118445 0.227845206268089 0.275695775269911
0.263329942192885 0.227433143271741 0.236183074265976 0.273053840269398
0.266171008115078 0.225909101663236 0.230873573552259 0.277046316669427
0.277809323270321 0.221354721177278 0.234515106347742 0.266320849204659
