0.303793251506492 0.189825439362757 0.264994595875098 0.241386713255652
0.351651954602774 0.291206389239176 0.0553425809163514 0.301799075241698
0.270541082164329 0.223050545535515 0.28896904920953 0.217439323090626
0.193607221682079 0.225528532599053 0.28218211753685 0.298682128182018
0.286410668792075 0.217453494826433 0.262556752679296 0.233579083702196
0.341152660478382 0.285458100988019 0.05487476836631 0.318514470167289
0.275114543788454 0.215953222498582 0.298128027228695 0.210804206484269
0.198331925988475 0.230108291483341 0.280550494052116 0.291009288476068
0.285587413445779 0.201686679133844 0.274699090955039 0.238026816465339
0.34566262646499 0.266411232428462 0.0558616314401149 0.332064509666433
0.281176858128608 0.213847327450199 0.289342741725758 0.215633072695435
0.197948564369408 0.232471081495901 0.27276606895519 0.296814285179501
0.29008059383425 0.193518167580826 0.257721490020524 0.2586797485644
0.306532141528291 0.272508588091756 0.0497200758001852 0.371239194579768
0.269199542545855 0.211511431988616 0.274420107030302 0.244868918435227
0.178625286853896 0.206199686737333 0.243237533238626 0.371937493170145
0.328039347058107 0.16325831404556 0.23848063101474 0.270221707881593
0.318672019876492 0.255288695245125 0.0564427560628702 0.369596528815512
0.285375256784264 0.201018694832422 0.254092132786778 0.259513915596537
0.184398687562824 0.210008913951915 0.232236896174587 0.373355502310673
0.334545217523556 0.173374276671712 0.239163655062031 0.252916850742702
0.335295976103628 0.265157825200333 0.0623354491579784 0.337210749538061
0.28516210459888 0.218920091504299 0.25048315847598 0.245434645420841
0.184361066196286 0.226137978342888 0.261802391101965 0.327698564358861
0.356320773553153 0.164914857811118 0.246990786959126 0.231773581676602
0.353361803555467 0.262786771278181 0.0582435738856436 0.325607851280709
0.298638583978752 0.204751026169648 0.278477368548132 0.218133021303468
0.204848558291089 0.215155615696888 0.261608062529033 0.318387763482991
0.343193159868946 0.165571252463858 0.259115450284456 0.23212013738274
0.352409638554217 0.264053087349398 0.0663497740963855 0.3171875
0.289646515181836 0.198037004020594 0.302272272454382 0.210044208343188
0.200080373737881 0.209416644539968 0.269531894739108 0.320971086983043
0.321686335216421 0.175381811114909 0.264074572954571 0.238857280714099
0.33535660091047 0.275647797775686 0.0638481780987687 0.325147423215075
0.298769036399645 0.208333333333333 0.271281499692686 0.221616130574336
0.189260350918253 0.216453224308293 0.265104917097574 0.32918150767588
0.279581632440176 0.182792408742881 0.297600089014374 0.240025869802569
0.324711587919759 0.286281137482548 0.0601532074362554 0.328854067161437
0.26312237026648 0.224850981767181 0.287219495091164 0.224807152875175
0.199861889269366 0.211537229384838 0.283134116910022 0.305466764435775
0.263524534965506 0.188153779387337 0.306593538153031 0.241728147494126
0.310500097502172 0.302735379106171 0.0532627772164016 0.333501746175256
0.242353134230391 0.228782408926813 0.313915326550706 0.214949130292091
0.185602569272424 0.221261305374734 0.304020968949824 0.289115156403019
0.275115082588681 0.197567735461366 0.292883197145633 0.23443398480432
0.322344819397681 0.293950522003884 0.0506568513539873 0.333047807244447
0.235815602836879 0.275348333647147 0.283021088307287 0.205814975208686
0.191966480528915 0.231928617028302 0.303304250838354 0.272800651604429
0.290904007889975 0.198165736074116 0.281919065628131 0.229011190407778
0.318543880923509 0.292412678032194 0.0482202724873386 0.340823168556958
0.249248899356675 0.246885325033082 0.281914495202111 0.221951280408133
0.195349576511728 0.237282106012095 0.297524164187803 0.269844153288373
0.309851659183413 0.187888373348125 0.260911932478319 0.241348034990143
0.32692463500397 0.27644904639217 0.0595093416298025 0.337116976974057
0.261272486566467 0.234725575197501 0.275281433602437 0.228720504633596
0.186800878260096 0.230469097706436 0.295136931430436 0.287593092603032
0.352326616374593 0.168852961347088 0.238892212510761 0.239928209767557
0.329363456689157 0.295125400395284 0.0581425066448579 0.317368636270701
0.293288207111775 0.218232165619094 0.267232209573206 0.221247417695925
0.189632475127868 0.231780218831603 0.268726935278503 0.309860370762026
0.321125185781099 0.175288727689224 0.226877923069581 0.276708163460096
0.28209906646231 0.306839556917932 0.0516058241605128 0.359455552459245
0.263128470798703 0.23497074279751 0.250167716447393 0.251733069956394
0.178065066265844 0.210439218973566 0.220715121908919 0.390780592851671
0.341834306563829 0.162346933379666 0.232547950172613 0.263270809883892
0.33224617252895 0.289777507915167 0.0471353601943011 0.330840959361582
0.287144395213052 0.209636009772661 0.278779659613234 0.224439935401052
0.219854195559592 0.198118533609887 0.244756317578763 0.337270953251758
0.310770945771422 0.177503772481953 0.255747087372041 0.255978194374584
0.341152159950853 0.286718233689835 0.0531866372529856 0.318942969106327
0.246447705567202 0.243594223153972 0.286144110567591 0.223813960711235
0.205088449740365 0.21421745203264 0.270381533485261 0.310312564741735
0.313266065250522 0.199167936670735 0.245733147467335 0.241832850611408
0.337401046734871 0.276420412206647 0.0547387984465543 0.331439742611928
0.265521411735626 0.236460420731115 0.271144695839476 0.226873471693783
0.19745857994442 0.22555279775416 0.259212117355056 0.317776504946364
0.307519608754406 0.183768169825756 0.283460006720959 0.22525221469888
0.346628292964538 0.264082384602977 0.05805295910484 0.331236363327645
0.271539790780208 0.209721473828945 0.300776677381594 0.217962058009253
0.212981229919396 0.210444732540443 0.284926159742968 0.291647877797193
0.288328273840678 0.199965106947207 0.295774451306745 0.21593216790537
0.359423340961098 0.277803203661327 0.0642837528604119 0.298489702517162
0.258506081460556 0.209292773498076 0.330737570936402 0.201463574104965
0.195717050541463 0.242934389173697 0.288881173637478 0.272467386647362
0.299448218856269 0.196168710166259 0.291450655104157 0.212932415873315
0.359715554642775 0.287731368572382 0.0583095867669585 0.294243490017885
0.253467636693262 0.236893310098539 0.309582789581852 0.200056263626347
0.19747571723534 0.229884872781612 0.301323199781475 0.271316210201573
0.301686486024325 0.187273336135831 0.277946006797244 0.2330941710426
0.33200956457762 0.284613069359909 0.0523794395023744 0.330997926560096
0.256893815504338 0.237156920399894 0.288537294675872 0.217411969419896
0.19585133686365 0.216505311718268 0.284379974659693 0.30326337675839
0.313807440458944 0.18747464796894 0.253766587471751 0.244951324100365
0.323186339351669 0.27489649722561 0.0491316074281493 0.352785555994571
0.248324806642206 0.233321275386285 0.288512221590615 0.229841696380893
0.189911587329469 0.226659933251361 0.26138825458165 0.32204022483752
0.348827442919347 0.182974898511004 0.230289768582985 0.237907889986665
0.34372331709 0.262158782181207 0.0526111518392341 0.34150674888956
0.314988269101359 0.236800465598458 0.214075259625702 0.234136005674481
0.204628510193988 0.221815409133374 0.234338077705116 0.339218002967522
0.348489045414375 0.173868597733898 0.220265653647791 0.257376703203936
0.360895369930082 0.281194413624276 0.0551152674310069 0.302794949014635
0.30478255378268 0.219814339241359 0.247716077969099 0.227687029006862
0.212990422811123 0.216439027044675 0.252299069489035 0.318271480655167
0.31730426035887 0.180563937830559 0.253810960770953 0.248320841039618
0.352753578796587 0.292799163971496 0.0553958973342583 0.299051359897659
0.273171461335195 0.217051403500025 0.288627411876153 0.221149723288627
0.211922304085733 0.239778615997462 0.270462156731413 0.277836923185391
0.308211458104245 0.176565592698483 0.281002584121399 0.234220365075874
0.354079637556955 0.288455741121954 0.0616015365931387 0.295863084727952
0.263090098253469 0.212284348737629 0.314322264271627 0.210303288737274
0.205622157916494 0.219083768649705 0.296553797587283 0.278740275846518
0.320548251904819 0.202278086015938 0.257669999370308 0.219503662708935
0.342267765649365 0.265101358877255 0.0684695923368233 0.324161283136556
0.285401543018978 0.219277971288128 0.300196946515186 0.195123539177708
0.204817784933585 0.201930519862526 0.292000805028331 0.301250890175558
0.344646838873452 0.162141950533429 0.243017392199238 0.25019381839388
0.347497157386766 0.242298084929226 0.0581415128969586 0.35206324478705
0.32087271872534 0.180990916875136 0.256568895753933 0.24156746864559
0.186067694380234 0.193010118947385 0.268014328796902 0.35290785787548
0.340568284524901 0.15993640279986 0.26083428443254 0.238661028242699
0.359067219304005 0.234734077478661 0.0494500984898227 0.356748604727511
0.303470923688054 0.205408724289023 0.259300605620831 0.231819746402091
0.19994424976107 0.189013220770946 0.26163454390995 0.349407985558033
0.32132504067109 0.19149221056578 0.263026464661342 0.224156284101788
0.362922544583444 0.279549968264368 0.0600622427878217 0.297465244364366
0.275375948267369 0.240705412401143 0.265935817861013 0.217982821470475
0.196479793150814 0.196991529418102 0.304779347401592 0.301749330029492
0.303536928152442 0.198893794508031 0.269960173812364 0.227609103527163
0.4030131826742 0.262627074017547 0.0574075561624762 0.276952187145777
0.282979910249686 0.229795772244008 0.290023395026267 0.197200922480039
0.207280679773105 0.201236227228892 0.318920807040724 0.272562285957279
0.26896018244987 0.208843750625171 0.268773464747031 0.253422602177929
0.354185446658872 0.27515328936212 0.0491775479057148 0.321483716073293
0.255183609218585 0.219281632519205 0.278328455124579 0.247206303137631
0.205902160771809 0.215200863335037 0.280202526715513 0.298694449177641
0.289097408400357 0.196084032874786 0.277047715319592 0.237770843405265
0.319299917688342 0.307568340337045 0.0549235368019755 0.318208205172638
0.278461188493036 0.223918597326241 0.27245922866942 0.225160985511304
0.19496123756091 0.24356146311362 0.256555568953166 0.304921730372304
0.322760685084013 0.177073426083623 0.242817013558647 0.257348875273717
0.329053429242465 0.287506444406255 0.0587648016759548 0.324675324675325
0.268746692024078 0.232110017672441 0.235178025172015 0.263965265131467
0.186656611872875 0.223731246963621 0.239785078782693 0.349827062380811
0.320473630330668 0.172163479779793 0.216992275587564 0.290370614301975
0.31430198741791 0.284589960217123 0.0549107258433366 0.34619732652163
0.283983903420523 0.217183098591549 0.244084507042254 0.254748490945674
0.176807881773399 0.220380952380952 0.242541871921182 0.360269293924466
0.379589830856573 0.139539659952763 0.23869320932416 0.242177299866504
0.406114043220883 0.228986876827616 0.0509860209685472 0.313913058982954
0.32316605867386 0.190153582048374 0.263245557565168 0.223434801712598
0.230691758211015 0.172495041995387 0.257449440786815 0.339363759006783
0.310581376440191 0.170419846178864 0.290736402127237 0.228262375253709
0.351522006500922 0.272961872968462 0.0645480101906352 0.310968110339981
0.248468236052886 0.230504391372802 0.313617997989263 0.207409374585048
0.179346285967059 0.20427008383962 0.273118101201955 0.343265528991367
0.314439598007722 0.180977572131679 0.274314049099643 0.230268780760956
0.362470797121764 0.275862068965517 0.065218203906177 0.296448930006541
0.28404822775621 0.206104219928668 0.332275983966165 0.177571568348957
0.178874773139746 0.215557168784029 0.280355716878403 0.325212341197822
0.29671435508047 0.181685115725917 0.291028338599467 0.230572190594146
0.342496542185339 0.280856446094489 0.0616127975540511 0.315034214166121
0.319131736287308 0.194462897894172 0.282794003473695 0.203611362344824
0.191091358479559 0.20255146686317 0.307956830777261 0.29840034388001
0.294756865186415 0.179241889741994 0.317624680085772 0.20837656498582
0.356422364413647 0.271219275941397 0.0574664468598359 0.31489191278512
0.283171088939059 0.223023329206419 0.28731418768561 0.206491394168912
0.196082004555809 0.213485193621868 0.303644646924829 0.286788154897494
0.296304137643879 0.207093910331054 0.2704182810041 0.226183671020967
0.335398789630566 0.295330141811941 0.0475837774365459 0.321687291120947
0.257663518438688 0.223788062860054 0.279766430222989 0.238781988478269
0.194620427284589 0.239408278442408 0.265716621339077 0.300254672933927
0.318079443079443 0.195448695448695 0.222724347724348 0.263747513747514
0.319567785478848 0.279146805891732 0.0411066410025526 0.360178767626868
0.26496882875713 0.247813591546182 0.237202104611575 0.250015475085113
0.200567748371574 0.209802828472507 0.228507716683293 0.361121706472625
0.335280918208604 0.179705926632208 0.206095104273455 0.278918050885733
0.303512740620598 0.268112168679841 0.0463186649024713 0.382056425797089
0.287324697569853 0.217375013381865 0.219184241515898 0.276116047532384
0.18372865395872 0.241455221031736 0.218995749879113 0.35582037513043
0.345003948159578 0.152956773085867 0.250516158476952 0.251523120277603
0.35215723873442 0.271184520177809 0.0777128911357099 0.298945349952061
0.269277406026856 0.21055822517627 0.279247316656936 0.240917052139938
0.196342945597688 0.210220160963605 0.270566395975305 0.322870497463402
0.364979720657244 0.157348320205977 0.239559253055744 0.238112706081034
0.346042913746962 0.280773922664473 0.0585453960868866 0.314637767501679
0.315563806745348 0.210979976130487 0.258444945409539 0.215011271714627
0.186415702846975 0.215288589857651 0.239080571619217 0.359215135676157
0.317351703426611 0.147601767638517 0.26859016998044 0.266456358954433
0.359915721957041 0.25043817124105 0.0522076372315036 0.337438469570406
0.290154547369631 0.206723863875749 0.267575693739587 0.235545895015033
0.195800302066441 0.195013815711631 0.255775106662862 0.353410775559067
0.355725863647944 0.162986221570369 0.262623341389687 0.218664573392
0.362499115115844 0.238251266648463 0.0636712073865073 0.335578410849185
0.326452158882207 0.193561165328244 0.27678346357449 0.20320321221506
0.191988423337499 0.191968690390055 0.258514766822338 0.357528119450109
0.333241803144716 0.212435029910758 0.231976725180609 0.222346441763917
0.343842555712156 0.256173785158404 0.0552423555364912 0.344741303592949
0.311647245855244 0.21276707255289 0.258652015163956 0.21693366642791
0.175899622880908 0.219166108624396 0.238452049483664 0.366482219011032
0.271776691677566 0.220258828388518 0.240221656226337 0.267742823707579
0.299373595455913 0.33628545644365 0.0428485481216711 0.321492399978766
0.250790760088182 0.227662225630212 0.274935301447331 0.246611712834276
0.175129677017774 0.217089701915762 0.257804827443115 0.349975793623349
0.263002283562357 0.203757862265134 0.238724410079724 0.294515444092785
0.350747520915404 0.283386737197056 0.0458980239238655 0.319967717963675
0.230397350993377 0.230312204351939 0.280085146641438 0.259205298013245
0.200252038742709 0.197408355546172 0.261394526404687 0.340945079306432
0.264207939249599 0.188734087640672 0.264816660706269 0.282241312403461
0.33622209293238 0.284649918807909 0.0477687371373492 0.331359251122361
0.232882465803114 0.228357881272611 0.277908763757505 0.26085088916677
0.204891161394212 0.205391568777145 0.288555426533139 0.301161843295503
0.255948711626187 0.196168783134016 0.255185858710393 0.292696646529405
0.308380754391219 0.285195821074329 0.0480699776254823 0.358353446908969
0.197856568411483 0.258968845064513 0.24470261197944 0.298471974544564
0.180408234239777 0.222636133813084 0.275210336940383 0.321745295006755
0.328727945482165 0.159590267582087 0.232430643368157 0.279251143567591
0.369645874051744 0.245362242024713 0.051802100241826 0.333189783681717
0.256607592116379 0.228097700455824 0.251566605085548 0.263728102342249
0.218782236915696 0.189723958786463 0.27727165388583 0.314222150412011
0.293606718826941 0.184138534770477 0.241485199978115 0.280769546424468
0.296623266236526 0.261416760035545 0.0487965073600433 0.393163466367886
0.252337246936664 0.220626619462979 0.269924733530121 0.257111400070236
0.159181902451531 0.208547817683372 0.270983308022536 0.36128697184256
0.384244489267834 0.168628806081695 0.217230932424722 0.229895772225749
0.334547890891736 0.308794375711296 0.05602261463343 0.300635118763538
0.311937029058617 0.223643188903735 0.243685181650442 0.220734600387206
0.193508015775143 0.211981538686951 0.249221621225626 0.345288824312279
0.353022983457766 0.142398956628206 0.227126335821988 0.27745172409204
0.413752555788587 0.231666330282475 0.0461314355414762 0.308449678387462
0.310780101023132 0.174835514890492 0.302573211999722 0.211811172086654
0.219839952745275 0.15679146039604 0.221401046354635 0.40196754050405
0.33491212227321 0.169698310020088 0.23695963337695 0.258429934329752
0.32831328735108 0.292184917060936 0.0476885367383002 0.331813258849684
0.264144428550289 0.221378187737385 0.289547674246535 0.224929709465792
0.179282022233237 0.195393716246226 0.197131693626773 0.428192567893765
0.340183989038951 0.183989038950871 0.222591940149192 0.253235031860986
0.296045187085094 0.305512598068799 0.048713789981895 0.349728424864212
0.266073531845305 0.227574928697277 0.280343810534308 0.22600772892311
0.177533116502798 0.227410370481139 0.209596620434409 0.385459892581654
0.319438232400036 0.163312162685989 0.276985120911232 0.240264484002743
0.400744543414701 0.220107771809342 0.0593339906167131 0.319813694159244
0.295636252670125 0.195148001220629 0.266900620486217 0.242315125623029
0.235802217667503 0.188189838448906 0.297532813076855 0.278475130806737
0.294995227754611 0.153346016616382 0.315941861880329 0.235716893748679
0.375050489358397 0.219771114908601 0.0637149810988556 0.341463414634146
0.270329576502732 0.194407445355191 0.285835040983607 0.24942793715847
0.188212180746562 0.177632249145019 0.327228407189114 0.306927162919304
0.342601865628934 0.194581950326199 0.253548128648277 0.209268055396589
0.397108512020793 0.252891487979207 0.0645765648689625 0.285423435131037
0.308201789101119 0.201415749466107 0.257881453383313 0.232501008049462
0.221638967994219 0.187961349371644 0.320497017610972 0.269902665023165
0.341042743311016 0.177923168962094 0.189888241134391 0.2911458465925
0.380395925427638 0.221487603305785 0.0409379204305209 0.357178550836056
0.289086933201304 0.212047695671907 0.197846268102488 0.301019103024302
0.227758776742733 0.19668073722236 0.217113747226605 0.358446738808301
0.325048838723681 0.15987180633052 0.227971501168299 0.2871078537775
0.369420083748124 0.224520028442759 0.0405408074583235 0.365519080350794
0.358965930169762 0.189145084411468 0.219563737115218 0.232325248303553
0.198746222828736 0.200896773564675 0.235914806511356 0.364442197095233
0.281348996832101 0.169753167898627 0.347723072861668 0.201174762407603
0.341616509916067 0.294384852833383 0.0607868845689272 0.303211752681622
0.302591526120938 0.213379267791033 0.281581653640477 0.202447552447552
0.182272746963049 0.258235195831503 0.269436176071983 0.290055881133465
0.265494286690738 0.187246467258057 0.28606665775123 0.261192588299975
0.310271261373957 0.286529465188409 0.0470551947495587 0.356144078688075
0.279601529016564 0.207243522915943 0.279238580640179 0.233916367427314
0.205515430072226 0.218022450933082 0.251841245480939 0.324620873513753
0.297292259978827 0.171552328268746 0.236509758897819 0.294645652854608
0.305965924169778 0.271677783478707 0.0299888537003945 0.392367438651121
0.316266485699744 0.186595351412167 0.206650534417944 0.290487628470145
0.225229484832724 0.191949962512411 0.189281926929598 0.393538625725267
0.255927611919457 0.209812327198592 0.262734940095512 0.271525120786438
0.300028145229384 0.29257451206848 0.0482739210186632 0.359123421683473
0.220456652758461 0.232348168752898 0.245885489105239 0.301309689383403
0.181174894515976 0.21405384980907 0.240429149658501 0.364342106016454
0.50891007045172 0.120926613496621 0.230359362974365 0.139803953077294
0.538054797548307 0.137478428672226 0.05362440811677 0.270842365662697
0.464712330838437 0.147482422317986 0.218879942541771 0.168925304301807
0.397553313598743 0.115332568114541 0.275388147163656 0.211725971123059
0.269549499677076 0.223404879930886 0.312661986361692 0.194383634030347
0.348719443890313 0.251661116822932 0.0350484140746083 0.364571025212147
0.235035340352524 0.248154774124801 0.282967220967632 0.233842664555044
0.280904532533165 0.200055274794694 0.234404611497157 0.284635581174984
0.46917182202023 0.138875547494964 0.207177112380734 0.184775518104072
0.537989282183798 0.217399975720157 0.0351017151974471 0.209509026898597
0.417509457268586 0.134370416119818 0.332965336215549 0.115154790396047
0.323476986936882 0.175379481544785 0.294567207911122 0.206576323607211
0.259282018841922 0.210744865915098 0.253810180060095 0.276162935182884
0.328141300046764 0.313440531433984 0.0214396201302205 0.336978548389031
0.26968914224637 0.163480894272735 0.319907366170838 0.246922597310056
0.282609659330186 0.243201010705499 0.212824434248731 0.261364895715584
0.167824205852214 0.197270294887852 0.199981498349083 0.43492400091085
0.169826671383092 0.317615847187832 0.0158118146444995 0.496745666784577
0.194066147859922 0.162309869119208 0.231163777856385 0.412460205164485
0.181465615393374 0.21545884094273 0.194736991916202 0.408338551747694
0.28127978367356 0.165303544118625 0.267759381164528 0.285657291043287
0.32236572548321 0.38415427095395 0.0360559365814554 0.257424066981384
0.258378598750555 0.208700552777678 0.300622324544048 0.232298523927719
0.179581140004067 0.244357589860606 0.280333461355986 0.295727808779342
0.234704757253897 0.19468522361942 0.193366703292231 0.377243315834452
0.183339766849379 0.223461746313595 0.0176329807766541 0.575565506060372
0.175751374412515 0.220114115259881 0.142210506234717 0.461924004092888
0.204008630886243 0.172345321471839 0.162904393579882 0.460741654062036
0.345931380290588 0.176435170562224 0.314474099810486 0.163159349336702
0.445640378918966 0.22642265692974 0.0616672043483786 0.266269759802915
0.292955023247963 0.23947703592309 0.248162413491491 0.219405527337456
0.275982822106473 0.20622698640363 0.265439554448387 0.25235063704151
0.384462031051773 0.157053102156709 0.22354256026098 0.234942306530538
0.396877598850835 0.200489528993725 0.0470061238376049 0.355626748317835
0.317844482415649 0.170419865173888 0.256271624459123 0.25546402795134
0.267648874717728 0.160871808317193 0.261457919263851 0.310021397701227
0.333558518586371 0.186247287758128 0.253928814743146 0.226265378912355
0.324791376912378 0.268231339823829 0.0392906815020862 0.367686601761706
0.275803837456448 0.202810640837757 0.29805797917253 0.223327542533265
0.23281062362108 0.247291032479683 0.241482112436116 0.278416231463122
0.277171747191808 0.204601179339273 0.280765152078028 0.237461921390891
0.284263914064523 0.322883088819637 0.0490396549722746 0.343813342143565
0.243803188195538 0.237407335326693 0.295836945560057 0.222952530917712
0.193679454873485 0.269931560976337 0.269976292364352 0.266412691785826
0.370788472339786 0.155732582331954 0.232341051665625 0.241137893662635
0.336221475732654 0.211444457314954 0.0454689370245955 0.406865129927796
0.357532086981853 0.177776444985177 0.244315163562212 0.220376304470758
0.218829403111488 0.218606517184505 0.245843177461775 0.316720902242232
0.370195491141324 0.122461987833631 0.229038386563774 0.27830413446127
0.398231180584122 0.192328259975319 0.0422151378033731 0.367225421637186
0.340439589936302 0.166327699947348 0.23470262122792 0.25853008888843
0.215304910242872 0.201795142555438 0.246871700105597 0.336028247096093
0.272632566526952 0.22223779120772 0.226435325080417 0.278694317184911
0.318227711380873 0.281481133626054 0.0500129141327573 0.350278240860316
0.242504147902347 0.253782491901714 0.227621079244687 0.276092280951252
0.18153321671625 0.223655817873058 0.252710070353299 0.342100895057393
0.305173532403662 0.249401267150993 0.211106394226533 0.234318806218812
0.373330032594793 0.284985765565045 0.0492057597887527 0.292478442051409
0.254977897366904 0.259215837017106 0.224408994810686 0.261397270805305
0.199122985667371 0.262690613782745 0.233376186960617 0.304810213589267
0.298812711636276 0.206946628696108 0.233561440047605 0.260679219620011
0.335799943250549 0.249973865384328 0.0459371873179911 0.368289004047132
0.26437080355209 0.246577864414122 0.229802902317522 0.259248429716266
0.185032047613597 0.226486494219984 0.259049158750143 0.329432299416276
0.31833660772757 0.173339154478644 0.273797569671833 0.234526668121953
0.399103483606557 0.224035177595628 0.0596055327868852 0.317255806010929
0.306198539692403 0.198695044275284 0.268209828595101 0.226896587437212
0.237299101280499 0.186175221477026 0.302028684717925 0.27449699252455
0.393782383419689 0.147789334317832 0.236075925195096 0.222352357067383
0.342172718950259 0.292950869697894 0.0525480622520598 0.312328349099786
0.31020942408377 0.198706398313728 0.27537057183654 0.215713605765962
0.212399737603244 0.203760026239676 0.234032561051972 0.349807675105108
0.414476553640635 0.142061385472354 0.181346343165477 0.262115717721535
0.298108652694902 0.285697598582706 0.0407179916480906 0.375475757074301
0.286238307181654 0.211602293301147 0.241673581774291 0.260485817742909
0.201909484352232 0.194101911659164 0.208767389428967 0.395221214559637
0.367955559274684 0.137390330408811 0.226258907134075 0.26839520318243
0.310610171163617 0.300794159719824 0.0518620825728802 0.336733586543679
0.25419825571453 0.200855041897053 0.30097474776264 0.243971954625777
0.192053224231031 0.192384954202834 0.289649410564985 0.325912411001149
0.397720240774077 0.170770983348335 0.230338658865887 0.201170117011701
0.40511466820153 0.266054044398575 0.0605741845210333 0.268257102878862
0.304702650999939 0.215914774871223 0.295242942513404 0.184139631615434
0.210916809731039 0.22836400899642 0.242550671404426 0.318168509868115
0.335496514084077 0.165376491129534 0.248501239301107 0.250625755485281
0.374653468946273 0.258491715067397 0.045919341204701 0.320935474781629
0.29114504937773 0.213343000844378 0.248403025074342 0.24710892470355
0.194577262755246 0.213646847049558 0.246787582671028 0.344988307524168
0.332419514953093 0.18676080968253 0.264494540099534 0.216325135264843
0.423485416528251 0.257196822293302 0.0593684450307995 0.259949316147648
0.294884673337712 0.237317930688096 0.286162732295329 0.181634663678863
0.240780762707228 0.189042238879466 0.305260710182196 0.26491628823111
0.29895971861445 0.212182602319194 0.252805776855293 0.236051902211064
0.382019551231468 0.259875414280011 0.0506605271219956 0.307444507366525
0.275689866498824 0.245345678603372 0.268128664656972 0.210835790240832
0.228925682958085 0.192085409011058 0.297098435922025 0.281890472108832
0.313953799440885 0.182762402857105 0.255206591672129 0.248077206029882
0.39317808314976 0.254501905661037 0.0480873457113885 0.304232665477814
0.282015820721975 0.210734483183876 0.288754602632089 0.21849509346206
0.246093268400937 0.187993157440513 0.298352545925287 0.267561028233263
0.331519891193472 0.175771300995041 0.25689503634369 0.235813771467798
0.378175084239364 0.282595622416739 0.0548295644371474 0.28439972890675
0.259814690992454 0.211394680398406 0.307965508557733 0.220825120051407
0.230941311642559 0.185302420428692 0.333997854256865 0.249758413671884
0.33387215961574 0.169756670449447 0.239746905597635 0.256624264337178
0.352658467360454 0.271371807000946 0.0458183538315989 0.330151371807001
0.250817039161946 0.189792803662892 0.303714831358323 0.255675325816839
0.202892512319218 0.209647049397059 0.271118945555066 0.316341492728657
0.359575350992461 0.171761532609447 0.233453212531987 0.235209903866104
0.324240391066807 0.283820569347264 0.051845106872424 0.340093932713505
0.27508714808982 0.215507936227063 0.22192238953869 0.287482526144427
0.171776691677566 0.245597852275074 0.231754663729607 0.350870792317753
0.383145948613118 0.159101963133965 0.233905473513552 0.223846614739365
0.343302877308223 0.268548767491833 0.0549955451512028 0.333152810048741
0.298067692056294 0.219580448148375 0.24060910595012 0.241742753845211
0.190827367526397 0.237069726390115 0.23434997221405 0.337752933869439
0.333993290797869 0.161803591396435 0.238078010918898 0.266125106886799
0.330845547192913 0.251575497857323 0.0504159314343332 0.367163023515431
0.283355076201167 0.218328731935722 0.271664492379883 0.226651699483228
0.193710535919629 0.208652661006562 0.265832111108816 0.331804691964993
0.359702666397545 0.169275527746264 0.231574991125928 0.239446814730263
0.329365915314936 0.27992799279928 0.0592814600608997 0.331424631824885
0.288764170644391 0.22248843973747 0.276803028042959 0.211944361575179
0.176632134930618 0.235081433868323 0.240995515045343 0.347290916155716
0.371135453736655 0.149146463523132 0.238392459964413 0.241325622775801
0.395579719754232 0.219882420545463 0.0788224373425275 0.305715422357777
0.328765827872186 0.17734782074196 0.294221112655678 0.199665238730177
0.224740798161709 0.165999916944671 0.279640370426766 0.329618914466854
0.338162644592119 0.155956923188555 0.270626863144656 0.235253569074671
0.386446310683972 0.229869313333633 0.0609197467103786 0.322764629272017
0.330776605944391 0.176980737383422 0.273755774426915 0.218486882245272
0.209194503002775 0.194430559479567 0.257572135411007 0.338802802106651
0.313230091873871 0.179885730282748 0.277403099788766 0.229481078054615
0.333497484209399 0.287164115191093 0.0532705277807515 0.326067872818756
0.244158948311921 0.239224892227581 0.288454479491229 0.228161679969269
0.196022625439999 0.21481263755565 0.277326527539806 0.311838209464546
0.280199225397571 0.223468399741799 0.261237603427029 0.235094771433601
0.29893442985365 0.315638678869877 0.0465844276429235 0.33884246363355
0.251612956522457 0.235867526910145 0.270101031796516 0.242418484770882
0.181057681057681 0.240391365391365 0.271528021528022 0.307022932022932
0.296882614642122 0.200578516294352 0.26574806244203 0.236790806621496
0.313438100090136 0.278292902770702 0.048359916918133 0.359909080221029
0.253960798482522 0.248947701201337 0.263029536627224 0.234061963688917
0.182245463976457 0.246960105575904 0.270065420362882 0.300729010084757
0.295178435839028 0.193158694001519 0.26287775246773 0.248785117691724
0.324650628343003 0.285906181470962 0.0547908625251863 0.334652327660849
0.245773841124368 0.226289269514842 0.287471942030605 0.240464947330185
0.172200318184962 0.275797191671854 0.260351386871412 0.291651103271771
0.343864658653034 0.172738298100984 0.243502356499179 0.239894686746803
0.309102842186987 0.33704447770512 0.0558592593185475 0.297993420789345
0.27019181771857 0.237679260391643 0.268617602096528 0.223511319793259
0.173395354074157 0.25332329366727 0.272956939684595 0.300324412573978
0.36053720508167 0.158751361161524 0.205575317604356 0.27513611615245
0.311799703310924 0.260912792349209 0.0463813401508696 0.380906164188997
0.276179796280721 0.227109615923745 0.232286702177367 0.264423885618167
0.191182104859863 0.193016710382836 0.235853644160207 0.379947540597094
0.377292111611062 0.151132491481259 0.243369896530989 0.228205500376691
0.392767039095548 0.244342432232487 0.0542424644801487 0.308648064191817
0.304686813669507 0.204350786260213 0.282054379337609 0.208908020732672
0.223486331359878 0.190475616880575 0.274354511343857 0.31168354041569
0.34100502949935 0.157425194745448 0.24940472859976 0.252165047155442
0.377333619447595 0.247918007827269 0.0650194659881671 0.309728906736969
0.299131659653377 0.192461308037943 0.294005420440767 0.214401611867912
0.197448912230258 0.207050332272214 0.267145392932064 0.328355362565464
0.31688013136289 0.193267651888342 0.260591133004926 0.229261083743842
0.332686116700201 0.26374245472837 0.0722434607645875 0.331327967806841
0.266269125553379 0.223284633108674 0.303186945002977 0.20725929633497
0.18428343367672 0.214465197190862 0.287857853629901 0.313393515502516
0.311722777733466 0.186605854500366 0.266302180391702 0.235369187374466
0.32448216159967 0.279359127322311 0.0568657881280669 0.339292922949952
0.281008846226238 0.209437065769769 0.290493375559538 0.219060712444455
0.202657170452618 0.234655283006348 0.271703788900931 0.290983757640102
0.2611020874265 0.21386368956003 0.255484548220758 0.269549674792711
0.302136557709806 0.297018268355848 0.0482081612654861 0.35263701266886
0.229796820170688 0.231737642420829 0.267114326560672 0.27135121084781
0.185880250223414 0.227991913154309 0.290686942381224 0.295440894241052
0.291245750265735 0.192189414408932 0.251779005704178 0.264785829621155
0.344335948709119 0.285600675570422 0.0527338465700863 0.317329529150372
0.236525262622386 0.246342921913908 0.262622386048214 0.254509429415492
0.182029754799645 0.226655285778113 0.301108969785075 0.290205989637167
0.340296603412534 0.184811414599327 0.220645298463828 0.254246683524311
0.37685141244349 0.247204669014495 0.0488464836692726 0.327097434872743
0.261118697619621 0.239867548486715 0.243723279870762 0.255290474022902
0.203525070968732 0.21444762960948 0.247264129229353 0.334763170192435
0.354485099047901 0.167788895323 0.234139542400043 0.243586463229056
0.353073416270342 0.249643979901658 0.0431702358241305 0.354112368003869
0.291548084601052 0.226039597878831 0.234229438381688 0.248182879138429
0.201688436020861 0.218392035830728 0.234312340579371 0.34560718756904
0.30600244239142 0.1909843899331 0.260984124455771 0.242029043219709
0.325742141348739 0.284325490962202 0.06041323621073 0.329519131478329
0.258699934340118 0.221191726854892 0.277648965856861 0.242459372948129
0.160371819315341 0.252165537442522 0.256057897202119 0.331404746040019
0.297888951824013 0.183518821854477 0.2784547555991 0.24013747072241
0.316675341246789 0.309657326102651 0.0645052970903779 0.309162035560182
0.233559847080838 0.241232664535826 0.266364051462491 0.258843436920846
0.181537511577647 0.240602380707351 0.263531268224075 0.314328839490927
0.287062265845125 0.183244573799424 0.265891568876366 0.263801591479085
0.321096064325011 0.287948826459195 0.0582050196946515 0.332750089521143
0.259728224548897 0.212929382936066 0.298418355981288 0.228924036533749
0.191405402758051 0.207203677401751 0.287622352669545 0.313768567170654
0.296193017400128 0.16669547897328 0.249502048179188 0.287609455447405
0.340786738446778 0.257138034575271 0.0546257306824441 0.347449496295507
0.292925986856272 0.187483311943911 0.279937295975056 0.239653405224761
0.206578513305476 0.188276610952276 0.269106003958654 0.336038871783594
0.329897416011563 0.152522297035287 0.242436634117108 0.275143652836042
0.369865882235628 0.234691130278706 0.0624121254424889 0.333030862043177
0.28666408410735 0.188151458094972 0.287682092954118 0.23750236484356
0.203205814594893 0.18792303449171 0.265965800317986 0.342905350595412
0.335895412744191 0.175130598030146 0.269331229253959 0.219642759971704
0.359049383235802 0.247768702900686 0.0642024165368585 0.328979497326653
0.284346876596044 0.229302055264965 0.267659956675649 0.218691111463342
0.19646366718109 0.228443670610581 0.262837508079089 0.312255154129239
0.302254492498764 0.183313183491784 0.282134417761169 0.232297906248283
0.324773111689068 0.304621428441518 0.0520160776967426 0.318589382172672
0.267100780542499 0.23364526284014 0.276027426797188 0.223226529820173
0.191175062072217 0.21242328463335 0.277214154675861 0.319187498618571
0.273281515311201 0.197523274196382 0.289756426020259 0.239438784472159
0.301569255680154 0.308485349594336 0.053959313041531 0.335986081683978
0.22896875161052 0.252864578859666 0.292401779732353 0.225764889797461
0.174668250564988 0.230985976705105 0.287644144405169 0.306701628324738
0.274284461193593 0.20792859231344 0.279271303726325 0.238515642766642
0.302143668484609 0.319149621776643 0.054892736017014 0.323813973721734
0.239231489532473 0.253452946291218 0.281118319844826 0.226197244331483
0.175132346759197 0.231106297781989 0.299506237932042 0.294255117526772
0.296334085851323 0.193089153296752 0.261988736332158 0.248588024519768
0.305597449382272 0.308324672381592 0.0548804788659754 0.33119739937016
0.281424622836067 0.213659196125245 0.259714698910653 0.245201482128035
0.192108297019222 0.223605501859814 0.284714719722732 0.299571481398232
0.305767724969344 0.1733050659654 0.288208961839053 0.232718247226203
0.338977509912236 0.271381510012825 0.0573191278908942 0.332321852184045
0.273391304347826 0.20662700228833 0.284723112128146 0.235258581235698
0.210949439966503 0.203970829407865 0.284929690498622 0.300150040127011
0.316632376979877 0.181077729553013 0.266381545572403 0.235908347894707
0.340558167190026 0.285354614541333 0.0580092532377042 0.316077965030937
0.270797782475443 0.227406633896204 0.267690531373897 0.234105052254455
0.199655372119461 0.215056377403279 0.275180357640801 0.310107892836459
0.328341005678242 0.163063846637957 0.242297602127043 0.266297545556758
0.35715357656759 0.260260065855101 0.0504418294653025 0.332144528112007
0.281005356407087 0.220024721878863 0.270038310145614 0.228931611568437
0.221652425767961 0.183400625492051 0.264721814938137 0.33022513380185
0.367305340399511 0.144887825546504 0.254896981280867 0.232909852773118
0.38711274167249 0.261365401040453 0.0527408960323006 0.298780961254756
0.300512877793602 0.18848957024378 0.310956596204146 0.200040955758473
0.243525605296429 0.188535733220952 0.260355632893324 0.307583028589296
0.331846242590115 0.16579118545883 0.253298395905693 0.249064176045361
0.316193217110439 0.277951467969688 0.0613482959956934 0.344507018924179
0.252600078067398 0.218744849720258 0.305633863902502 0.223021208309841
0.186142607854839 0.213330110215521 0.244710183793257 0.355817098136383
0.311268806636701 0.181873365033025 0.269211313610152 0.237646514720123
0.348067533822817 0.283245126905445 0.0635924863031568 0.305094852968581
0.28058380939111 0.216185383865125 0.301684199526264 0.2015466072175
0.179720203438825 0.227457423744529 0.263584177586277 0.329238195230369
0.278905985857234 0.190150419750955 0.299321636417262 0.231621957974549
0.349769240912487 0.279671223242934 0.0645685903916311 0.305990945452947
0.264686839773734 0.231096231172903 0.290678457029919 0.213538472023444
0.183729006464039 0.22029533217574 0.294391023302642 0.301584638057578
0.264449752247574 0.197823635878112 0.318977539091476 0.218749072782838
0.340125812285301 0.29310628282671 0.05264387508761 0.314124029800379
0.253990245167145 0.240346442402735 0.29891594963784 0.20674736279228
0.193457712748016 0.22449010186719 0.30126153407941 0.280790651305384
0.28139452152259 0.198566422186395 0.297236540339245 0.22280251595177
0.343999933420442 0.300232196209959 0.0497099627986717 0.306057907570928
0.250509229537691 0.278170102479968 0.274706549048514 0.196614118933828
0.203159096380396 0.233422121440386 0.295159624449604 0.268259157729613
0.294616191783033 0.192237982374394 0.276088025301037 0.237057800541536
0.331230778886588 0.300163183330195 0.0471427226511015 0.321463315132116
0.260594855441816 0.236483449381313 0.289659149697653 0.213262545479217
0.205277074274064 0.235246332489129 0.278985680381007 0.2804909128558
0.30897517138084 0.184673656316608 0.257812950054727 0.248538222247825
0.326312766655727 0.268838201509682 0.0537331801772235 0.351115851657368
0.263379957099044 0.22736620042901 0.276267971423 0.232985871048946
0.210062403663409 0.224600811097975 0.26451970130045 0.300817083938165
0.32041689507144 0.184819210205956 0.241017463176404 0.253746431546199
0.31773316970547 0.278567671809257 0.0582748948106592 0.345424263674614
0.271832978176207 0.224162319053567 0.263621500477625 0.2403832022926
0.179955075557905 0.243391725835727 0.242828431747533 0.333824766858836
0.327126317406218 0.168883980486663 0.246461927783101 0.257527774324018
0.320622481731886 0.283667964214983 0.060173803182408 0.335535750870723
0.280267378651966 0.209091258331573 0.269424329152341 0.241217033864121
0.186841170597026 0.213385336040691 0.250899660240043 0.34887383312224
0.339385284429741 0.168562386525917 0.258803435977294 0.233248893067047
