0.379474485910129 0.172505712109672 0.201447067783701 0.246572734196497
0.379817242749305 0.21414382201033 0.0429082240762813 0.363130711164084
0.340943226194052 0.178131571042355 0.21628116551517 0.264644037248423
0.304013194062672 0.148433205057724 0.263331500824629 0.284222100054975
0.283136482939633 0.214238845144357 0.22998687664042 0.272637795275591
0.283965014577259 0.290962099125364 0.0361516034985423 0.388921282798834
0.27190332326284 0.208459214501511 0.220543806646526 0.299093655589124
0.161594513501929 0.219459922846121 0.237462494642092 0.381483069009859
0.352980576021433 0.175485599464166 0.240120562625586 0.231413261888814
0.360094451003542 0.262691853600944 0.051948051948052 0.325265643447462
0.341996699669967 0.196782178217822 0.236386138613861 0.22483498349835
0.208796090626388 0.18480675255442 0.278987116836961 0.32741003998223
0.339384957391627 0.157465728047425 0.179325676176362 0.323823638384587
0.330314009661836 0.231280193236715 0.0344202898550725 0.403985507246377
0.313831848120883 0.168926772568772 0.227431228206122 0.289810151104223
0.23469387755102 0.186696900982615 0.178760393046107 0.399848828420257
0.366863905325444 0.174556213017751 0.207523245984784 0.25105663567202
0.412808308091735 0.194288186932064 0.0597144093466032 0.333189095629598
0.284241057041573 0.164034805027393 0.343216242346117 0.208507895584918
0.224765018389865 0.18308132407029 0.243972210870454 0.348181446669391
0.246020918599363 0.266030013642565 0.225557071396089 0.262391996361983
0.34204909284952 0.288153681963714 0.0848452508004269 0.284951974386339
0.235127478753541 0.280453257790368 0.237960339943343 0.246458923512748
0.144287664997724 0.289485662266727 0.290395994538006 0.275830678197542
0.286604361370716 0.196261682242991 0.230529595015576 0.286604361370716
0.230769230769231 0.402366863905325 0.0591715976331361 0.307692307692308
0.234597156398104 0.241706161137441 0.286729857819905 0.23696682464455
0.165853658536585 0.178048780487805 0.319512195121951 0.336585365853659
0.273338312173264 0.230022404779686 0.20537714712472 0.29126213592233
0.276967930029155 0.269387755102041 0.0501457725947522 0.403498542274052
0.253421425200566 0.229825389334592 0.230297310051911 0.286455875412931
0.177544500228206 0.188498402555911 0.221816522136011 0.412140575079872
0.361499553704255 0.141029455519191 0.243082415947635 0.25438857482892
0.358539094650206 0.199588477366255 0.0576131687242798 0.384259259259259
0.341503809208347 0.19244783040742 0.263332229214972 0.202716131169261
0.224145785876993 0.175398633257403 0.289293849658314 0.311161731207289
0.192702394526796 0.415336374002281 0.197833523375143 0.194127708095781
0.322380106571936 0.216252220248668 0.0559502664298401 0.405417406749556
0.261728395061728 0.259259259259259 0.237037037037037 0.241975308641975
0.191985088536813 0.20829450139795 0.312208760484623 0.287511649580615
0.347609561752988 0.139774236387782 0.314409030544489 0.198207171314741
0.397641112047178 0.195450716090986 0.0994102780117944 0.307497893850042
0.315598548972189 0.200322450624748 0.255945183393793 0.22813381700927
0.172894867962133 0.191828599900349 0.332835077229696 0.302441454907823
0.332228116710875 0.146551724137931 0.258620689655172 0.262599469496021
0.318807339449541 0.256880733944954 0.0359327217125382 0.388379204892966
0.297554910899295 0.199751346871115 0.29092416079569 0.2117695814339
0.17601246105919 0.206645898234683 0.18951194184839 0.427829698857736
0.380580840918942 0.132206328565236 0.17208495882098 0.315127871694842
0.430440771349862 0.18801652892562 0.0365013774104683 0.34504132231405
0.313432835820896 0.17975340687865 0.225178455548345 0.281635301752109
0.298583792289536 0.154996066089693 0.196302124311566 0.350118017309205
0.215938303341902 0.30719794344473 0.201371036846615 0.275492716366752
0.290461538461538 0.324923076923077 0.0381538461538462 0.346461538461538
0.155425219941349 0.36950146627566 0.178885630498534 0.296187683284457
0.164621244181126 0.258992805755396 0.236140499365214 0.340245450698265
0.326768488745981 0.161173633440514 0.233118971061093 0.278938906752412
0.323264781491003 0.282776349614396 0.0282776349614396 0.365681233933162
0.279215358931553 0.199081803005008 0.252921535893155 0.268781302170284
0.21180712032447 0.169896349707075 0.278053177106805 0.340243352861649
0.289667896678967 0.233856088560886 0.168357933579336 0.308118081180812
0.310381355932203 0.243114406779661 0.0291313559322034 0.417372881355932
0.242944106253459 0.250691754288877 0.189263973436635 0.317100166021029
0.203952786165248 0.183365358221246 0.1836398572605 0.429041998353006
0.289825282631038 0.173347036656389 0.281260705721137 0.255566974991435
0.397773872290568 0.207381370826011 0.0527240773286467 0.342120679554774
0.299737072743208 0.168711656441718 0.25284837861525 0.278702892199825
0.240338803599788 0.162519851773425 0.281101111699312 0.316040232927475
0.201854066985646 0.26883971291866 0.251495215311005 0.277811004784689
0.310372446936324 0.255106127352823 0.0488586303564277 0.385662795354425
0.196620583717358 0.23963133640553 0.259600614439324 0.304147465437788
0.0628391388062314 0.115525993348503 0.139156310169788 0.682478557675477
0.295044305874631 0.162783065310141 0.316376764030194 0.225795864785034
0.32295719844358 0.330739299610895 0.0470463388751326 0.299257163070393
0.248949579831933 0.290703781512605 0.225052521008403 0.235294117647059
0.157392026578073 0.17234219269103 0.366694352159468 0.303571428571429
0.28256880733945 0.18348623853211 0.207339449541284 0.326605504587156
0.295490716180371 0.256763925729443 0.0429708222811671 0.404774535809019
0.250204415372036 0.199918233851186 0.262060506950123 0.287816843826656
0.149258997882851 0.189837685250529 0.169371912491179 0.491531404375441
0.339053997488489 0.185014650481373 0.290498116366681 0.185433235663458
0.259459459459459 0.326846846846847 0.0706306306306306 0.343063063063063
0.202240896358543 0.276190476190476 0.346218487394958 0.175350140056022
0.151451409339504 0.224652923853597 0.256625999158603 0.367269667648296
0.235041588408908 0.207405419908774 0.380735175744567 0.176817815937752
0.337354588539423 0.268418785006463 0.0982335200344679 0.295993106419647
0.18698347107438 0.210743801652893 0.454545454545455 0.147727272727273
0.124128919860627 0.257839721254355 0.314895470383275 0.303135888501742
0.173302107728337 0.166276346604215 0.543325526932084 0.117096018735363
0.187613843351548 0.471766848816029 0.0983606557377049 0.242258652094718
0.165730337078652 0.257022471910112 0.462078651685393 0.115168539325843
0.111979166666667 0.247395833333333 0.401041666666667 0.239583333333333
0.265291607396871 0.238264580369844 0.239687055476529 0.256756756756757
0.178787287970365 0.599922012088126 0.0323649834275687 0.18892571651394
0.213235294117647 0.216176470588235 0.357647058823529 0.212941176470588
0.14568661971831 0.28125 0.231514084507042 0.341549295774648
0.282282282282282 0.183183183183183 0.27027027027027 0.264264264264264
0.34251968503937 0.240157480314961 0.0669291338582677 0.350393700787402
0.368705035971223 0.140287769784173 0.267985611510791 0.223021582733813
0.164285714285714 0.275 0.264285714285714 0.296428571428571
0.189333333333333 0.277333333333333 0.317333333333333 0.216
0.236974789915966 0.310924369747899 0.0773109243697479 0.374789915966387
0.262443438914027 0.285067873303167 0.262443438914027 0.190045248868778
0.110854503464203 0.226327944572748 0.288683602771363 0.374133949191686
0.225806451612903 0.148883374689826 0.406947890818859 0.218362282878412
0.198653198653199 0.414141414141414 0.107744107744108 0.279461279461279
0.301587301587302 0.191697191697192 0.324786324786325 0.181929181929182
0.159468438538206 0.18936877076412 0.345514950166113 0.305647840531561
0.224299065420561 0.186915887850467 0.224299065420561 0.364485981308411
0.261398176291793 0.303951367781155 0.0516717325227964 0.382978723404255
0.334928229665072 0.223285486443381 0.228070175438596 0.213716108452951
0.185897435897436 0.243589743589744 0.195512820512821 0.375
0.343031123139378 0.189445196211096 0.217185385656292 0.250338294993234
0.30354609929078 0.219148936170213 0.0390070921985816 0.438297872340426
0.306062819576333 0.200146092037984 0.274653031409788 0.219138056975895
0.211726384364821 0.17328990228013 0.240390879478827 0.374592833876221
0.254628224582701 0.23793626707132 0.314719271623672 0.192716236722307
0.212815990593768 0.403586125808348 0.0405643738977072 0.343033509700176
0.156378600823045 0.191358024691358 0.452674897119342 0.199588477366255
0.138402242466713 0.261387526278907 0.286965662228451 0.313244569025929
0.266766020864382 0.18591654247392 0.327123695976155 0.220193740685544
0.29020979020979 0.294871794871795 0.0450660450660451 0.36985236985237
0.229219858156028 0.204539007092199 0.386950354609929 0.179290780141844
0.191489361702128 0.205941389000401 0.306302689682858 0.296266559614613
0.279279279279279 0.189189189189189 0.244530244530245 0.287001287001287
0.242582897033159 0.336387434554974 0.0397033158813264 0.381326352530541
0.23406374501992 0.211653386454183 0.304282868525896 0.25
0.164392678868552 0.229950083194676 0.22063227953411 0.385024958402662
0.307588985896575 0.191739422431162 0.252854264607119 0.247817327065144
0.331413947536788 0.195137555982086 0.0646193218170186 0.408829174664108
0.288461538461538 0.205267558528428 0.27633779264214 0.229933110367893
0.228978622327791 0.178622327790974 0.312589073634204 0.279809976247031
0.227363184079602 0.227860696517413 0.300497512437811 0.244278606965174
0.306170886075949 0.262658227848101 0.0340189873417722 0.397151898734177
0.220543806646526 0.24773413897281 0.287009063444109 0.244712990936556
0.138855054811206 0.252131546894032 0.232034104750305 0.376979293544458
0.345261121856867 0.18214055448098 0.246937459703417 0.225660863958736
0.31010264721772 0.304159913560238 0.0545650999459752 0.331172339276067
0.27088948787062 0.268867924528302 0.221024258760108 0.23921832884097
0.164640883977901 0.187292817679558 0.277348066298343 0.370718232044199
0.271910112359551 0.19625468164794 0.2 0.331835205992509
0.357846853677028 0.239575435936315 0.0507960576194086 0.351781652767248
0.277426160337553 0.184599156118143 0.291666666666667 0.246308016877637
0.220619658119658 0.252136752136752 0.167200854700855 0.360042735042735
0.300578034682081 0.197057277982133 0.244351024697846 0.25801366263794
0.212046204620462 0.156353135313531 0.0474422442244224 0.584158415841584
0.28156803618545 0.200150772710139 0.271390878251037 0.246890312853374
0.165513264129181 0.182814302191465 0.28719723183391 0.364475201845444
0.228356336260979 0.277289836888331 0.263488080301129 0.230865746549561
0.320775623268698 0.291412742382271 0.081994459833795 0.305817174515235
0.290178571428571 0.232142857142857 0.294642857142857 0.183035714285714
0.0855855855855856 0.454608454608455 0.242203742203742 0.217602217602218
0.13953488372093 0.178294573643411 0.364341085271318 0.317829457364341
0.201357466063348 0.366515837104072 0.153846153846154 0.278280542986425
0.25440313111546 0.232876712328767 0.309197651663405 0.203522504892368
0.118210862619808 0.188498402555911 0.466453674121406 0.226837060702875
0.251159196290572 0.293663060278207 0.183153013910355 0.272024729520866
0.422991071428571 0.222098214285714 0.0279017857142857 0.327008928571429
0.244889615699101 0.194194603434178 0.343826655764513 0.217089125102208
0.172927847346452 0.273106738223017 0.215265354800239 0.338700059630292
0.302351212343865 0.141807494489346 0.302351212343865 0.253490080822924
0.368238557558946 0.192094313453537 0.0610263522884882 0.378640776699029
0.260176487332764 0.146313692001139 0.369769427839453 0.223740392826644
0.188063063063063 0.168355855855856 0.270833333333333 0.372747747747748
0.252525252525253 0.188552188552189 0.332491582491583 0.226430976430976
0.292940522512507 0.236242356864925 0.0722623679822123 0.398554752640356
0.228007181328546 0.215439856373429 0.339317773788151 0.217235188509874
0.117845117845118 0.271284271284271 0.316017316017316 0.294853294853295
0.247521865889213 0.141107871720117 0.411370262390671 0.2
0.349625935162095 0.231920199501247 0.0753117206982544 0.343142144638404
0.311769290724864 0.230319563522993 0.226032735775526 0.231878409976617
0.149975574010747 0.199316072300928 0.292623351245725 0.358085002442599
0.286367795059469 0.195791399817017 0.238792314730101 0.279048490393413
0.309166666666667 0.230833333333333 0.0425 0.4175
0.291428571428571 0.163076923076923 0.334065934065934 0.211428571428571
0.156115550092194 0.263675476336816 0.21020282728949 0.3700061462815
0.319148936170213 0.182685253118122 0.206162876008804 0.292002934702861
0.336518046709129 0.199575371549894 0.0435244161358811 0.420382165605096
0.292134831460674 0.243178170144462 0.227126805778491 0.237560192616372
0.248337028824834 0.169253510716925 0.20990391722099 0.372505543237251
0.23167701863354 0.232919254658385 0.272049689440994 0.263354037267081
0.279338842975207 0.333884297520661 0.0338842975206612 0.352892561983471
0.215596330275229 0.256880733944954 0.288990825688073 0.238532110091743
0.157207718501703 0.308172531214529 0.2105561861521 0.324063564131669
0.244152646696758 0.17193270414444 0.303241690603201 0.280672958555601
0.274890419536631 0.272385723231058 0.0450845335003131 0.407639323731998
0.198627663416396 0.30371975442398 0.242325749368003 0.255326832791622
0.163673678809646 0.187788609543356 0.36069779374038 0.287839917906619
0.298059964726631 0.211640211640212 0.184303350970018 0.305996472663139
0.323291697281411 0.238060249816312 0.0382072005878031 0.400440852314475
0.250174216027875 0.202090592334495 0.277351916376307 0.270383275261324
0.176555023923445 0.207177033492823 0.208612440191388 0.407655502392344
0.315512048192771 0.169051204819277 0.20933734939759 0.306099397590361
0.377558756633813 0.192570128885519 0.0500379075056861 0.379833206974981
0.300720288115246 0.180672268907563 0.225690276110444 0.292917166866747
0.257864632983794 0.171115347950429 0.204957102001907 0.36606291706387
0.235912531539108 0.149285113540791 0.330109335576114 0.284693019343987
0.323777403035413 0.21247892074199 0.0430016863406408 0.420741989881956
0.22265625 0.15625 0.25 0.37109375
0.165538781884435 0.193649141072358 0.225923997917751 0.414888079125456
0.347899159663866 0.149579831932773 0.260504201680672 0.242016806722689
0.31705298013245 0.225165562913907 0.0264900662251656 0.431291390728477
0.310392291810048 0.199587061252581 0.212663454920853 0.277357192016518
0.221556886227545 0.18188622754491 0.254491017964072 0.342065868263473
0.295089490592015 0.152822395594309 0.162000917852226 0.39008719596145
0.291573452647278 0.23489932885906 0.0313199105145414 0.44220730797912
0.26908077994429 0.164902506963788 0.21949860724234 0.346518105849582
0.198409830140947 0.165883628478497 0.150343332128659 0.485363209251897
0.372210526315789 0.168842105263158 0.240421052631579 0.218526315789474
0.339339339339339 0.225654225654226 0.0549120549120549 0.38009438009438
0.247346072186837 0.275654635527247 0.24274593064402 0.234253361641897
0.187731576780568 0.207904487443392 0.21984355701935 0.38452037875669
0.257397391027681 0.190582246261534 0.284123448934139 0.267896913776647
0.378623188405797 0.242753623188406 0.107185990338164 0.271437198067633
0.226872246696035 0.248898678414097 0.275330396475771 0.248898678414097
0.134744947064485 0.225216554379211 0.31023419955085 0.329804299005454
0.299212598425197 0.149606299212598 0.318897637795276 0.232283464566929
0.218543046357616 0.278145695364238 0.0860927152317881 0.417218543046358
0.183770883054893 0.384248210023866 0.257756563245823 0.174224343675418
0.174496644295302 0.23489932885906 0.288590604026846 0.302013422818792
0.265684669939989 0.208947081287507 0.236224768139662 0.289143480632842
0.276197085357391 0.274462179042332 0.0364330326162387 0.412907702984039
0.218770654329147 0.23694646397885 0.232650363516193 0.31163251817581
0.156986976416755 0.231608588525167 0.195705737416403 0.415698697641675
0.313613684960798 0.181397006414825 0.244832501781896 0.26015680684248
0.344736842105263 0.246315789473684 0.0426315789473684 0.366315789473684
0.276026174895895 0.219809637120761 0.287923854848305 0.216240333135039
0.193502824858757 0.202448210922787 0.282485875706215 0.321563088512241
0.213203463203463 0.220779220779221 0.309163059163059 0.256854256854257
0.244820295983087 0.2723044397463 0.0376321353065539 0.445243128964059
0.201511335012594 0.219143576826196 0.279596977329975 0.299748110831234
0.160601265822785 0.20253164556962 0.291930379746835 0.34493670886076
0.277811366384522 0.142986698911729 0.369105199516324 0.210096735187424
0.221462747778537 0.237867395762133 0.0410116199589884 0.499658236500342
0.326390791997808 0.189366949849274 0.263359824609482 0.220882433543437
0.189400521285838 0.175933970460469 0.345786272806255 0.288879235447437
0.30137684854666 0.172361040285569 0.211626721060683 0.314635390107088
0.252620545073375 0.259433962264151 0.0314465408805031 0.456498951781971
0.252740167633785 0.179561573178594 0.239845261121857 0.327852998065764
0.164389233954451 0.193788819875776 0.199171842650104 0.442650103519669
0.366279069767442 0.150332225913621 0.193936877076412 0.289451827242525
0.419941348973607 0.178299120234604 0.0404692082111437 0.361290322580645
0.29506246281975 0.191552647233789 0.248066627007733 0.265318262938727
0.252891902672517 0.158755484643 0.178300757877942 0.410051854806542
0.25219446320054 0.216407832545577 0.227211343686698 0.304186360567184
0.288098693759071 0.280841799709724 0.0275761973875181 0.403483309143687
0.227810650887574 0.156804733727811 0.272189349112426 0.343195266272189
0.164567590260285 0.225580744472432 0.226700251889169 0.383151413378114
0.313838550247117 0.149093904448105 0.290362438220758 0.24670510708402
0.339313984168865 0.226912928759894 0.029023746701847 0.404749340369393
0.269948392219135 0.205637157602223 0.285827709408495 0.238586740770147
0.199419568822554 0.179519071310116 0.235903814262023 0.385157545605307
0.297142857142857 0.165079365079365 0.153968253968254 0.383809523809524
0.257722007722008 0.245495495495495 0.0218790218790219 0.474903474903475
0.240141070856044 0.200384738698301 0.228278294325104 0.331195896120551
0.188584719985686 0.18375380211129 0.177133655394525 0.450527822508499
0.409100805573699 0.146527324188983 0.191378184193338 0.25299368604398
0.412828947368421 0.190378289473684 0.0497532894736842 0.347039473684211
0.352572145545797 0.167189460476788 0.205457967377666 0.274780426599749
0.322383073496659 0.162861915367483 0.249443207126949 0.265311804008909
0.322519803847605 0.174273858921162 0.201810637495285 0.301395699735949
0.333333333333333 0.259641873278237 0.0433884297520661 0.363636363636364
0.235616438356164 0.197260273972603 0.227397260273973 0.33972602739726
0.189916603487491 0.23805913570887 0.225170583775588 0.346853677028052
0.381063122923588 0.16046511627907 0.223255813953488 0.235215946843854
0.384745762711864 0.231073446327684 0.0497175141242938 0.334463276836158
0.367609254498715 0.200942587832048 0.215081405312768 0.21636675235647
0.221135029354207 0.184735812133072 0.260665362035225 0.333463796477495
0.372048006194348 0.166473093302362 0.167247386759582 0.294231513743709
0.333122629582807 0.246523388116308 0.0398230088495575 0.380530973451327
0.293752425300737 0.16453240201785 0.247574699262709 0.294140473418704
0.25 0.206827309236948 0.175033467202142 0.36813922356091
0.424100156494523 0.138888888888889 0.201486697965571 0.235524256651017
0.476109936575053 0.173784355179704 0.0630021141649049 0.287103594080338
0.327874445581713 0.178437393381099 0.268509041282839 0.22517911975435
0.222336065573771 0.191256830601093 0.239412568306011 0.346994535519126
0.245450073782587 0.244466305951795 0.20855878012789 0.301524840137728
0.33953488372093 0.279651162790698 0.075 0.305813953488372
0.20863309352518 0.226618705035971 0.190647482014388 0.37410071942446
0.160395286963132 0.282022044849867 0.25579627518054 0.301786393006461
0.255747126436782 0.135057471264368 0.264367816091954 0.344827586206897
0.302593659942363 0.30835734870317 0.0835734870317003 0.305475504322767
0.291770573566085 0.199501246882793 0.251870324189526 0.256857855361596
0.167019027484144 0.179704016913319 0.338266384778013 0.315010570824524
0.336973478939158 0.189547581903276 0.182527301092044 0.290951638065523
0.274770173646578 0.287538304392237 0.052093973442288 0.385597548518897
0.245841035120148 0.232902033271719 0.222273567467653 0.298983364140481
0.0875100725221595 0.127155519742143 0.105560032232071 0.679774375503626
0.367352537722908 0.126474622770919 0.234567901234568 0.271604938271605
0.379049676025918 0.216522678185745 0.0626349892008639 0.341792656587473
0.36092032967033 0.164835164835165 0.243818681318681 0.230425824175824
0.230983671843887 0.187972919155715 0.291915571485464 0.289127837514934
0.291129032258065 0.22258064516129 0.265322580645161 0.220967741935484
0.322799097065463 0.232957110609481 0.0659142212189616 0.378329571106095
0.290960451977401 0.189265536723164 0.282485875706215 0.23728813559322
0.185302252074279 0.233899644409324 0.300276570525484 0.280521532990913
0.347295514511873 0.134564643799472 0.296174142480211 0.221965699208443
0.355164670658683 0.198353293413174 0.13809880239521 0.308383233532934
0.321085594989562 0.186221294363257 0.24258872651357 0.250104384133612
0.189115113547377 0.178935003915427 0.327329678935004 0.304620203602193
0.354123354123354 0.146916146916147 0.229383229383229 0.26957726957727
0.311394196744515 0.27034677990092 0.0403397027600849 0.37791932059448
0.322141946451339 0.167870803229919 0.274543136421589 0.235444113897153
0.173728813559322 0.235362095531587 0.165254237288136 0.425654853620955
0.41988255033557 0.117869127516779 0.168624161073825 0.293624161073825
0.427272727272727 0.175 0.05 0.347727272727273
0.350658350658351 0.165627165627166 0.194040194040194 0.28967428967429
0.303591262495372 0.161051462421325 0.178082191780822 0.357275083302481
0.247585155058465 0.249618708693442 0.202338586680224 0.30045754956787
0.313084112149533 0.279706275033378 0.0467289719626168 0.360480640854473
0.222672064777328 0.246963562753036 0.206477732793522 0.323886639676113
0.170751305745279 0.24467657693853 0.250301325833668 0.334270791482523
0.359111476758536 0.13862607980255 0.214726450020568 0.287535993418346
0.342457033736474 0.244430299172502 0.0439210693825589 0.369191597708466
0.298390804597701 0.195862068965517 0.226206896551724 0.279540229885057
0.23258559622196 0.171192443919717 0.234159779614325 0.362062180243998
0.304087736789631 0.181455633100698 0.182951146560319 0.331505483549352
0.285277636271014 0.245033112582781 0.032603158430973 0.437086092715232
0.276456599286564 0.200356718192628 0.181331747919144 0.341854934601665
0.198970456580125 0.206356311548791 0.167188898836168 0.427484333034915
0.368538608806637 0.147415443522655 0.23962986598596 0.244416081684748
0.45003065603924 0.183323114653587 0.0459840588595953 0.320662170447578
0.328230526789734 0.178748311571364 0.230977037370554 0.262044124268348
0.246702491450904 0.178309721543723 0.259892525647289 0.315095261358085
0.221886539107083 0.245384357166835 0.237327962403491 0.295401141322591
0.327731092436975 0.247235736399823 0.0619195046439628 0.363113666519239
0.227036395147314 0.206239168110919 0.23050259965338 0.336221837088388
0.095675944333996 0.179423459244533 0.244284294234592 0.480616302186879
0.290491803278689 0.155737704918033 0.31016393442623 0.243606557377049
0.297326203208556 0.328698752228164 0.0484848484848485 0.325490196078431
0.262476396007553 0.278661990828163 0.21257081197734 0.246290801186944
0.183011583011583 0.188030888030888 0.322007722007722 0.306949806949807
0.2994555353902 0.168784029038113 0.206896551724138 0.32486388384755
0.29490022172949 0.25 0.0426829268292683 0.412416851441242
0.258150960250112 0.186243858865565 0.250558284948638 0.305046895935686
0.172591917350349 0.243087207535703 0.167730173199635 0.416590701914312
0.411976911976912 0.141414141414141 0.26984126984127 0.176767676767677
0.290839694656489 0.296946564885496 0.0801526717557252 0.33206106870229
0.229493891797557 0.248981966259453 0.333624200116347 0.187899941826643
0.164638783269962 0.248669201520913 0.249809885931559 0.336882129277567
0.324838808719681 0.18513969910961 0.288609149524102 0.201412342646607
0.359807460890493 0.231046931407942 0.101885278780586 0.307260328920979
0.386516853932584 0.207865168539326 0.239325842696629 0.166292134831461
0.142215568862275 0.259730538922156 0.289670658682635 0.308383233532934
0.245472837022133 0.118712273641851 0.505030181086519 0.130784708249497
0.248076923076923 0.355769230769231 0.130769230769231 0.265384615384615
0.148527528809219 0.193341869398207 0.553137003841229 0.104993597951344
0.131764705882353 0.303529411764706 0.310588235294118 0.254117647058824
0.288416075650118 0.200157604412924 0.247438928289992 0.263987391646966
0.302282541640962 0.386489821098088 0.0518198642813078 0.259407772979642
0.25602907168814 0.227618103733069 0.276841757515692 0.239511067063099
0.139283299526707 0.286004056795132 0.207572684246112 0.367139959432049
0.344594594594595 0.158783783783784 0.25 0.246621621621622
0.340248962655602 0.282157676348548 0.0912863070539419 0.286307053941909
0.333333333333333 0.153409090909091 0.263257575757576 0.25
0.200617283950617 0.243827160493827 0.268518518518519 0.287037037037037
0.208333333333333 0.24702380952381 0.342261904761905 0.202380952380952
0.201248049921997 0.257410296411856 0.0982839313572543 0.443057722308892
0.232142857142857 0.321428571428571 0.285714285714286 0.160714285714286
0.0967078189300412 0.273662551440329 0.300411522633745 0.329218106995885
0.292452830188679 0.129716981132075 0.391509433962264 0.186320754716981
0.198230088495575 0.392920353982301 0.0902654867256637 0.31858407079646
0.247206703910615 0.269553072625698 0.245810055865922 0.237430167597765
0.125348189415042 0.194986072423398 0.392757660167131 0.286908077994429
0.315 0.155 0.215 0.315
0.222222222222222 0.296296296296296 0.0572390572390572 0.424242424242424
0.286266924564797 0.181818181818182 0.272727272727273 0.259187620889749
0.171355498721228 0.276214833759591 0.191815856777494 0.360613810741688
0.346872985170858 0.143778207607995 0.217279174725983 0.292069632495164
0.318634423897582 0.204836415362731 0.0376955903271693 0.438833570412518
0.313572542901716 0.170826833073323 0.267550702028081 0.24804992199688
0.235150030618494 0.175750153092468 0.226576852418861 0.362522963870178
0.254921928038018 0.205363204344874 0.298710115410726 0.241004752206382
0.153976311336717 0.469331641285956 0.0348984771573604 0.341793570219966
0.211302211302211 0.186732186732187 0.363636363636364 0.238329238329238
0.149258073901658 0.240616816991562 0.281931917369799 0.32819319173698
0.318271898533492 0.140309155766944 0.334126040428062 0.207292905271502
0.293289146644573 0.306959403479702 0.0488815244407622 0.350869925434963
0.243767313019391 0.193290243151739 0.393659587565405 0.169282856263466
0.203208556149733 0.20891265597148 0.274153297682709 0.313725490196078
0.319368131868132 0.17239010989011 0.207417582417582 0.300824175824176
0.233394833948339 0.334409594095941 0.0341328413284133 0.398062730627306
0.287195438050803 0.194401244167963 0.252980819077242 0.265422498703992
0.178238039673279 0.23220536756126 0.22316219369895 0.366394399066511
0.319721115537849 0.184926958831341 0.255644090305445 0.239707835325365
0.378321678321678 0.235664335664336 0.0307692307692308 0.355244755244755
0.318990484071163 0.180802647910633 0.268514687629293 0.231692180388912
0.220482437579348 0.184088023698688 0.315277190012696 0.280152348709268
0.270558375634518 0.176649746192893 0.275126903553299 0.277664974619289
0.320770519262982 0.26214405360134 0.042713567839196 0.374371859296482
0.224832214765101 0.184563758389262 0.278523489932886 0.312080536912752
0.152550529355149 0.258902791145332 0.241097208854668 0.347449470644851
0.351526965562053 0.178687459389214 0.230344379467186 0.239441195581546
0.297071129707113 0.294979079497908 0.0732217573221757 0.334728033472803
0.248209280597945 0.310495172843351 0.194331983805668 0.246963562753036
0.192974655402401 0.185415740329035 0.286794130724767 0.334815473543797
0.324240062353858 0.151987529228371 0.181605611847233 0.342166796570538
0.323257766582704 0.234256926952141 0.0520570948782536 0.390428211586902
0.289385474860335 0.192178770949721 0.263687150837989 0.254748603351955
0.25627664613927 0.208905731880625 0.179062055897679 0.355755566082425
0.342621259029928 0.171826625386997 0.239422084623323 0.246130030959752
0.227012590614269 0.137352155665776 0.0415871804654712 0.594048073254483
0.280081300813008 0.204471544715447 0.258943089430894 0.25650406504065
0.180914512922465 0.173956262425447 0.277335984095427 0.36779324055666
0.275215408008109 0.235174860618348 0.253928028383173 0.23568170299037
0.345203905801264 0.264215967834578 0.0924755887421022 0.298104537622056
0.312020460358056 0.209718670076726 0.248081841432225 0.230179028132992
0.0953200275292498 0.351686166551961 0.275292498279422 0.277701307639367
0.183288409703504 0.148247978436658 0.261455525606469 0.407008086253369
0.250666666666667 0.354666666666667 0.130666666666667 0.264
0.295154185022026 0.231277533039648 0.306167400881057 0.167400881057269
0.105263157894737 0.192105263157895 0.421052631578947 0.281578947368421
0.336633663366337 0.214221422142214 0.184518451845185 0.264626462646265
0.362122146822949 0.244293645897594 0.0431832202344232 0.350400987045034
0.234246575342466 0.199086757990868 0.312785388127854 0.253881278538813
0.140901060070671 0.276060070671378 0.179328621908127 0.403710247349823
0.379215416379904 0.12869924294563 0.259807295251204 0.232278045423262
0.392906815020862 0.192628650904033 0.0570236439499305 0.357440890125174
0.239914507079882 0.115415442158696 0.391397274913171 0.25327277584825
0.191674733785092 0.160696999031946 0.276379477250726 0.371248789932236
0.270012442969722 0.151389464952302 0.335960182496889 0.242637909581087
0.30304649919829 0.222340994120791 0.0742918225547835 0.400320684126136
0.215411558669002 0.211908931698774 0.308231173380035 0.264448336252189
0.120157583716349 0.366710439921208 0.265265922521339 0.247866053841103
0.324395895398875 0.125786163522013 0.331347236014565 0.218470705064548
0.326962809917355 0.240185950413223 0.0893595041322314 0.34349173553719
0.300982800982801 0.217035217035217 0.21007371007371 0.271908271908272
0.164933837429112 0.188090737240076 0.310964083175803 0.336011342155009
0.26274165202109 0.225834797891037 0.211775043936731 0.299648506151142
0.293227091633466 0.21195219123506 0.048605577689243 0.446215139442231
0.285648361790494 0.158744808491001 0.33502538071066 0.220581449007845
0.142107773009061 0.212207916070577 0.187410586552217 0.458273724368145
0.30970406056435 0.161046111493462 0.198210598761184 0.331039229181005
0.387453874538745 0.215252152521525 0.0565805658056581 0.340713407134071
0.308797127468582 0.223518850987433 0.210053859964093 0.257630161579892
0.260028653295129 0.14756446991404 0.186962750716332 0.405444126074499
0.261061946902655 0.202802359882006 0.256637168141593 0.279498525073746
0.272350993377483 0.282284768211921 0.0389072847682119 0.406456953642384
0.222857142857143 0.2 0.297142857142857 0.28
0.148554336989033 0.266201395812562 0.205882352941176 0.379361914257228
0.275789473684211 0.149052631578947 0.256421052631579 0.318736842105263
0.30258064516129 0.252258064516129 0.0632258064516129 0.381935483870968
0.272030651340996 0.211579395487441 0.270327799063431 0.246062154108131
0.157256182921139 0.175921605226318 0.349510032664489 0.317312179188054
0.313931297709924 0.187977099236641 0.185114503816794 0.312977099236641
0.345733041575492 0.233406272793581 0.037199124726477 0.383661560904449
0.260208166533227 0.185748598879103 0.255404323458767 0.298638911128903
0.17572741194487 0.218989280245023 0.212863705972435 0.392419601837672
0.361213915618061 0.144707623982235 0.19059955588453 0.303478904515174
0.438127090301003 0.177257525083612 0.040133779264214 0.344481605351171
0.321282401091405 0.173260572987722 0.204638472032742 0.300818553888131
0.280565693430657 0.16970802919708 0.217153284671533 0.33257299270073
0.287631831255992 0.14333652924257 0.26653883029722 0.302492809204219
0.320297951582868 0.237430167597765 0.0493482309124767 0.39292364990689
0.23394495412844 0.192660550458716 0.206422018348624 0.36697247706422
0.211637728765838 0.207883622712342 0.198967620835289 0.381511027686532
0.377979568671964 0.145856980703746 0.221906923950057 0.254256526674234
0.327380952380952 0.220238095238095 0.0374149659863946 0.414965986394558
0.320449754040759 0.183415319747013 0.221363316936051 0.274771609276177
0.2289972899729 0.163279132791328 0.228319783197832 0.37940379403794
0.270204479065239 0.141674780915287 0.160175267770204 0.42794547224927
0.292929292929293 0.247086247086247 0.0295260295260295 0.43045843045843
0.288930581613508 0.15697310819262 0.180737961225766 0.373358348968105
0.206873540206874 0.182182182182182 0.151484818151485 0.459459459459459
0.401948842874543 0.128298822574097 0.218838814453918 0.250913520097442
0.314660309892729 0.202622169249106 0.0639650377433452 0.418752483114819
0.267379679144385 0.26279602750191 0.224598930481283 0.245225362872422
0.201690357280061 0.185939300806761 0.220130618517096 0.392239723396081
0.259450171821306 0.161941580756014 0.270189003436426 0.308419243986254
0.419291977914907 0.198116271516726 0.11432283208834 0.268268918480026
0.22397476340694 0.205047318611987 0.261829652996845 0.309148264984227
0.140715815234017 0.22973386356684 0.312939736922606 0.316610584276537
0.264822134387352 0.185770750988142 0.300395256916996 0.24901185770751
0.210365853658537 0.23780487804878 0.0945121951219512 0.457317073170732
0.172018348623853 0.36697247706422 0.268348623853211 0.192660550458716
0.172131147540984 0.188524590163934 0.278688524590164 0.360655737704918
0.293511218920558 0.189205579138872 0.214069132807762 0.303214069132808
0.302548947173993 0.250092353158478 0.0565201329885482 0.39083856667898
0.232994526974199 0.230258014073495 0.207974980453479 0.328772478498827
0.158878504672897 0.248763056624519 0.185816382627817 0.406542056074766
0.367636867636868 0.155232155232155 0.21968121968122 0.257449757449757
0.353955978584176 0.228435455086258 0.0547293277810827 0.362879238548483
0.322191592005513 0.207787732598208 0.248449345279118 0.221571330117161
0.191978193146417 0.217679127725857 0.240654205607477 0.349688473520249
0.246569468267581 0.191680960548885 0.303173241852487 0.258576329331046
0.271802325581395 0.273255813953488 0.0363372093023256 0.418604651162791
0.195121951219512 0.229965156794425 0.264808362369338 0.310104529616725
0.152773052058523 0.212317114664852 0.296699557672678 0.338210275603947
0.337273734761729 0.131141485038788 0.287403029183598 0.244181751015885
0.301916308173641 0.236214313648807 0.0899491591709034 0.371920219006648
0.322523058613508 0.210949122285034 0.233263909550729 0.233263909550729
0.189241486068111 0.166795665634675 0.34984520123839 0.294117647058824
0.31310818546079 0.154550658271322 0.20034344590727 0.331997710360618
0.260509177027827 0.257548845470693 0.029603315571344 0.452338661930136
0.253393665158371 0.188914027149321 0.200603318250377 0.357088989441931
0.17800871605766 0.19443513241703 0.184378142809252 0.443178008716058
0.42166095890411 0.132705479452055 0.164383561643836 0.28125
0.417040358744395 0.147982062780269 0.0397181294042281 0.395259449071108
0.3273106323836 0.1772063933287 0.187630298818624 0.307852675469076
0.254307116104869 0.155805243445693 0.161797752808989 0.428089887640449
0.296265211917751 0.159043222828368 0.216533780948384 0.328157784305497
0.292188174363401 0.255934397928356 0.0267587397496763 0.425118687958567
0.274436090225564 0.161654135338346 0.233082706766917 0.330827067669173
0.170241650828129 0.225088243279935 0.209340211783872 0.395329894108064
0.353495290034705 0.133366385721368 0.253842340109073 0.259295984134854
0.314556609035137 0.213608477412158 0.0267707752370329 0.445064138315672
0.279689772176442 0.211827435773146 0.257392147358216 0.251090644692196
0.191907051282051 0.164663461538462 0.209935897435897 0.43349358974359
0.338721804511278 0.13609022556391 0.141729323308271 0.383458646616541
0.267470734302944 0.259666548421426 0.0209294075913444 0.451933309684285
0.270123277737491 0.175489485134155 0.198694706308919 0.355692530819434
0.207881773399015 0.187848932676519 0.162233169129721 0.442036124794745
0.426302030967223 0.155037200884778 0.196460888799517 0.222199879348482
0.43014882381181 0.215554488718195 0.0460873739798368 0.308209313490158
0.363636363636364 0.17598627787307 0.217152658662093 0.243224699828473
0.329682997118156 0.165129682997118 0.257060518731988 0.248126801152738
0.348911880128434 0.166607206564395 0.213699607563325 0.270781305743846
0.346300533943555 0.276125095347063 0.0465293668954996 0.331045003813883
0.190972222222222 0.197916666666667 0.236111111111111 0.375
0.19763882815916 0.263664188893747 0.244425010931351 0.294271972015741
0.388691437802908 0.181583198707593 0.216478190630048 0.213247172859451
0.402220851326342 0.251696483652067 0.0555212831585441 0.290561381863047
0.355219650448748 0.214454416627303 0.230987246102976 0.199338686820973
0.227734851565677 0.190727938186255 0.294835298901993 0.286701911346076
0.387995712754555 0.150410861021793 0.170775276884602 0.29081814933905
0.365395560614684 0.261240751280592 0.0483779169038133 0.324985771200911
0.290675726689317 0.164967912419781 0.265383163457909 0.278973197432994
0.25627300100368 0.222816995650719 0.18802275008364 0.332887253261961
0.437523593808985 0.136655341638354 0.198187995469989 0.227633069082673
0.473913043478261 0.181521739130435 0.0646739130434783 0.279891304347826
0.344017094017094 0.184188034188034 0.254700854700855 0.217094017094017
0.246412320616031 0.180259012950648 0.24291214560728 0.330416520826041
0.271004098360656 0.244364754098361 0.215676229508197 0.268954918032787
0.331781914893617 0.28125 0.0791223404255319 0.307845744680851
0.224755700325733 0.241042345276873 0.234527687296417 0.299674267100977
0.148331830477908 0.293958521190262 0.281334535617674 0.276375112714157
0.313432835820896 0.149253731343284 0.256716417910448 0.280597014925373
0.28125 0.350694444444444 0.0763888888888889 0.291666666666667
0.302325581395349 0.186046511627907 0.273255813953488 0.238372093023256
0.195519348268839 0.19755600814664 0.325865580448065 0.281059063136456
0.328295042321645 0.212212817412334 0.189842805320435 0.269649334945586
0.291291291291291 0.31960531960532 0.0467610467610468 0.342342342342342
0.232214228617106 0.282174260591527 0.22581934452438 0.259792166266986
0.142335766423358 0.208485401459854 0.17632299270073 0.472855839416058
0.383760909812219 0.14705104469717 0.209203914308384 0.259984131182227
0.406232294617564 0.218696883852691 0.058356940509915 0.31671388101983
0.346578366445916 0.200515084621045 0.240618101545254 0.212288447387785
0.2298937784522 0.206752655538695 0.2701062215478 0.293247344461305
0.314424635332253 0.188411669367909 0.262965964343598 0.23419773095624
0.317548746518106 0.232126276694522 0.0543175487465181 0.396007428040854
0.262254901960784 0.276960784313726 0.181372549019608 0.279411764705882
0.170148120015192 0.234713254842385 0.308013672616787 0.287124952525636
0.354409857328145 0.155966277561608 0.275291828793774 0.214332036316472
0.342753623188406 0.271014492753623 0.104347826086957 0.281884057971015
0.347240915208614 0.194257514580529 0.251682368775236 0.206819201435621
0.174865488086088 0.18870099923136 0.346272098385857 0.290161414296695
0.31695196024296 0.147984538928769 0.262838210933186 0.272225289895086
0.344465058750773 0.262213976499691 0.0296846011131725 0.363636363636364
0.306204673650282 0.225624496373892 0.234488315874295 0.233682514101531
0.172635135135135 0.267567567567568 0.168243243243243 0.391554054054054
0.451174289245983 0.133910177173465 0.166048619695097 0.248866913885455
0.460251046025105 0.178242677824268 0.0376569037656904 0.323849372384937
