0.385524541018207 0.168594868186972 0.209860658639433 0.236019932155388
0.395375444793642 0.228899249370146 0.0609555595958546 0.314769746240357
0.317999205626747 0.203588552663336 0.244279277310381 0.234132964399536
0.269883991657992 0.186933797268618 0.270982834149266 0.272199376924124
0.250826577162172 0.216655399815633 0.283744061266457 0.248773961755738
0.340613118535628 0.263900244662959 0.0512952836318304 0.344191353169582
0.231471002609881 0.222405709402499 0.279205256715246 0.266918031272375
0.174569741420245 0.245459993038835 0.285254650644027 0.294715614896892
0.340234036284043 0.172377825483016 0.279812265858484 0.207575872374458
0.342405146697655 0.293392914904578 0.0587820919840424 0.305419846413725
0.303875018707348 0.256808759900596 0.228240136580325 0.21107608481173
0.197031445818864 0.189171186943336 0.323950769642874 0.289846597594926
0.307013318036888 0.169698668667454 0.190640978375711 0.332647034919947
0.317618982583006 0.281767145640001 0.0461367050755839 0.35447716670141
0.258986278653008 0.2024382806858 0.257063685238184 0.281511755423008
0.208634099578084 0.225472102569953 0.178242525387646 0.387651272464317
0.38219196355587 0.180259830918335 0.243231668360024 0.194316537165771
0.363131002320474 0.258000553300324 0.0729746667494735 0.305893777629729
0.282212889742061 0.237448651340143 0.285023553228987 0.195314905688809
0.195403036958076 0.22043739217172 0.268759445008113 0.315400125862091
0.229326793615949 0.227972013637249 0.318826130668249 0.223875062078553
0.387847504549502 0.236987938978588 0.085453207883223 0.289711348588686
0.199390825079773 0.259417346981062 0.290710082466537 0.250481745472629
0.134069749905983 0.28836025297656 0.332191133603007 0.24537886351445
0.268959111671784 0.157377435520652 0.351220966098523 0.222442486709041
0.229402720283856 0.376067415730337 0.104370195150798 0.290159668835009
0.210037917101079 0.25246253676299 0.366327954395738 0.171171591740193
0.148171242169683 0.207719176698132 0.373118558933056 0.270991022199128
0.273013298576859 0.222640246112242 0.24130993338523 0.263036521925669
0.319967887511843 0.303176716084874 0.0498520798837496 0.327003316519534
0.238137509585459 0.237338823416041 0.279438894383146 0.245084772615354
0.153684689287954 0.259074348427195 0.230751591168811 0.35648937111604
0.365304612119322 0.153094993181194 0.253460369472229 0.228140025227255
0.399229082109498 0.23709658387478 0.0673860152198221 0.2962883187959
0.303058638907161 0.198100137558615 0.297054829742945 0.201786393791279
0.223014218554567 0.188606466638872 0.296112540793881 0.29226677401268
0.244825557368897 0.195017825998641 0.33927066333261 0.220885953299853
0.321879640875683 0.247909661677627 0.0658304411689123 0.364380256277778
0.199549355080992 0.276484259954699 0.296171883778557 0.227794501185752
0.154944099557395 0.241267651510797 0.347210246977448 0.25657800195436
0.314717632483748 0.145453455215562 0.329965403407406 0.209863508893284
0.319057375941354 0.26400204354149 0.0859490303990312 0.330991550118125
0.336261485389267 0.221628262128656 0.236826036330044 0.205284216152033
0.173625584014035 0.196881940512999 0.355360486745759 0.274131988727207
0.300500068199851 0.159528095456737 0.263188026027368 0.276783810316044
0.319147979205475 0.254571759476164 0.0425504402157413 0.38372982110262
0.275679170156183 0.1888068734721 0.276525695840722 0.258988260530994
0.161475466298246 0.21374791886261 0.233587770385399 0.391188844453744
0.386255101258789 0.14877593738624 0.193411951794302 0.271557009560669
0.419553879914988 0.214518503145669 0.0493161003693327 0.31661151657001
0.324470366519366 0.210207629321549 0.228202170522485 0.2371198336366
0.256352587454111 0.1827570606559 0.215102004269617 0.345788347620372
0.262006561932629 0.231498415512507 0.276753352384514 0.22974167017035
0.317055817656393 0.297982043800782 0.0433882548584495 0.341573883684375
0.221483673766435 0.233869570340387 0.266792350825149 0.277854405068029
0.168226361567321 0.259617182643502 0.290263292222527 0.28189316356665
0.320209463229127 0.161583479769093 0.308581578318146 0.209625478683634
0.345726742082821 0.275479791909295 0.0452683637246276 0.333525102283256
0.275626145729317 0.221678130169754 0.298580786026201 0.204114938074728
0.206459257073855 0.201558172367263 0.304095143264295 0.287887427294588
0.299098034940514 0.187388063009369 0.201253574496276 0.312260327553841
0.314125058407627 0.273577599767673 0.0361177870071653 0.376179554817536
0.276839149618933 0.210309867629362 0.246813076614521 0.266037906137184
0.180775296503163 0.219931311922112 0.213561860182548 0.385731531392178
