0.433155954596883 0.148514909303259 0.191011350779226 0.227317785320632
0.400343223833356 0.206368337935248 0.0637401381576092 0.329548300073786
0.350908905612204 0.195196129440603 0.242451711875044 0.211443253072149
0.324229289273863 0.16916632275025 0.2594497496368 0.247154638339086
0.280241582444304 0.222872359756964 0.232843582635931 0.264042475162801
0.326117972013605 0.271897185381332 0.0388351176752574 0.363149724929806
0.321226657529553 0.143930957683742 0.285399177659757 0.249443207126949
0.203003837776164 0.255359402551603 0.263528679597552 0.278108080074681
0.365733242384814 0.16598805849953 0.266394021437007 0.201884677678649
0.398727047425932 0.24431114115129 0.0722184671998798 0.284743344222898
0.350398121882031 0.202261567054681 0.237887117284554 0.209453193778734
0.202563170852199 0.202889793452033 0.320874042077156 0.273672993618611
0.347838151714782 0.170244910124254 0.166825966159992 0.315090972000973
0.315678332814069 0.313853488222582 0.0467288795256393 0.323739299437711
0.26103688742716 0.227404233251907 0.238830055815604 0.272728823505329
0.251233183856502 0.205992662046474 0.190807174887892 0.351966979209132
0.443125670710204 0.147266156768912 0.204696014227588 0.204912158293296
0.443319251341595 0.202016564638099 0.0611732260642736 0.293490957956033
0.357093982692695 0.193560072449185 0.254558261219561 0.194787683638559
0.232586969497544 0.207942423361239 0.253608105419428 0.305862501721789
0.226765099067894 0.244456286550379 0.260227215303268 0.26855139907846
0.380881471769529 0.261902360597773 0.0769048226437034 0.280311344988995
0.196803318692045 0.279770619814544 0.206472669594924 0.316953391898487
0.146389380289504 0.286362003337987 0.323807488187437 0.243441128185072
0.375078381700068 0.148411046176227 0.248689457974868 0.227821114148837
0.252072491435445 0.445330683333769 0.0660843641308612 0.236512461099924
0.235123820631912 0.172265844667069 0.37618978193406 0.216420552766959
0.196397848291482 0.183113008254024 0.366814034017902 0.253675109436592
0.298338154778754 0.223765698465192 0.218428738116115 0.259467408639938
0.294885190254048 0.290661682829799 0.0466008368529229 0.36785229006323
0.243777733680668 0.282194290925519 0.228835850386952 0.245192125006861
0.18087123533979 0.24864124882514 0.248310244779535 0.322177271055535
0.380294968520605 0.137700897243594 0.243686086629901 0.238318047605899
0.433737484893443 0.230656238639378 0.0722068836770587 0.26339939279012
0.320803590071021 0.20097619429474 0.251298919407989 0.22692129622625
0.262783725910064 0.178925257469155 0.291285816253696 0.267005200367085
0.255747814211497 0.186774043673533 0.329124839849635 0.228353302265336
0.353696688910964 0.226005630458887 0.0646760837396799 0.35562159689047
0.279243966507963 0.32049335084551 0.214660975209325 0.185601707437202
0.201191797212821 0.219218816021735 0.340029459268415 0.239559927497028
0.323624564825599 0.142569919861628 0.327680406026002 0.206125109286772
0.340736116510661 0.248041209366309 0.0887063010257484 0.322516373097282
0.340690131008776 0.225373799927638 0.235155283684064 0.198780785379522
0.177034972284998 0.194423350627737 0.339187056935116 0.289354620152148
0.288295825826743 0.156859751442792 0.307722373202235 0.24712204952823
0.351614628431722 0.268648449039882 0.0383728925788214 0.341364029949575
0.288899053228913 0.193824047836855 0.268751348014607 0.248525550919625
0.164638020606227 0.207955947026798 0.217507402377897 0.409898629989078
0.435931771697603 0.129224713464284 0.1720372014047 0.262806313433412
0.448834513484449 0.209948185081214 0.0586444323403304 0.282572869094007
0.341236587882781 0.205884547003021 0.219256256915866 0.233622608198331
0.290255610395345 0.184389889536996 0.197825637957681 0.327528862109979
0.243705556238868 0.278149044046301 0.224103608343697 0.254041791371134
0.332877950572139 0.293675657908252 0.0380415802124206 0.335404811307188
0.218283815970916 0.334461577033973 0.162592453303247 0.284662153691864
0.172872220974624 0.261184492579058 0.291623624522794 0.274319661923524
0.342614725237266 0.163465016025574 0.262091929844982 0.231828328892178
0.343869798008263 0.268815431977328 0.0423656268443244 0.344949143170085
0.294091029073494 0.209187542684281 0.251790121129086 0.244931307113139
0.21872837320629 0.192491368400124 0.283212063975162 0.305568194418423
0.28844283589049 0.212238825854298 0.196895885605169 0.302422452650043
0.30437102400985 0.271266160476093 0.0311512415349887 0.393211573979068
0.280216498111875 0.236272783465528 0.202821539692186 0.280689178730411
0.201057594747836 0.218740674425545 0.208475082065055 0.371726648761564
0.352451533923615 0.167831927984212 0.249324588157075 0.230391949935097
0.392788757628352 0.239286714069761 0.0746822686299759 0.293242259671911
0.29658668525156 0.204964821452277 0.246374286472853 0.252074206823311
0.239502106591996 0.19591565319937 0.272797169737806 0.291785070470827
0.214782992330967 0.264448665037532 0.289004590155727 0.231763752475774
0.345338320359136 0.25803012480781 0.0680121063135218 0.328619448519532
0.193841792950924 0.310667061223854 0.233167723145451 0.26232342267977
0.126372973053314 0.2514863037113 0.33011177003909 0.292028953196296
0.328417408968327 0.152947219725183 0.310178969611357 0.208456401695133
0.315599419731226 0.337592580352266 0.0472598998792846 0.299548100037223
0.29091066782307 0.275056374674762 0.228184446371784 0.205848511130384
0.175188306424373 0.181538370600554 0.375097108694184 0.268176214280889
0.281770727109367 0.179520111125198 0.232491993583843 0.306217168181593
0.331509675652948 0.273221078158155 0.0461048040912513 0.349164442097646
0.252974542887172 0.217348224099614 0.263785592220858 0.265891640792356
0.15768386032388 0.29146101112504 0.179363512465715 0.371491616085366
0.366276120502037 0.199133543879171 0.274852317913305 0.159738017705487
0.30160329708297 0.324809562198713 0.0763273062305655 0.297259834487751
0.221725152765138 0.292088716063683 0.326033897904429 0.160152233266751
0.172135234447997 0.259038744359296 0.275517771623224 0.293308249569484
0.215046830673619 0.204894418689496 0.391053422822169 0.189005327814715
0.396892720720165 0.221113458878932 0.0946321801851823 0.28736164021572
0.170240369536084 0.235921416554988 0.336332012203815 0.257506201705112
0.135473585469169 0.276768925961915 0.332012501630007 0.255744986938909
0.207102911200544 0.162912245857942 0.494407568076099 0.135577274865416
0.243469342610654 0.430591027007461 0.115591127556458 0.210348502825427
0.168435964566223 0.287146289854033 0.423035541369293 0.121382204210451
0.136032775975376 0.275455452957325 0.311350969137343 0.277160801929956
0.285340239020961 0.201482044733935 0.260168433738397 0.253009282506707
0.306147210389126 0.363436064612041 0.0536022612881076 0.276814463710726
0.225156537540075 0.23598106503397 0.319264244626798 0.219598152799157
0.141635845035105 0.271478497993982 0.232690258274824 0.354195398696088
0.391840754756104 0.181924213363745 0.229511171012389 0.196723860867762
0.348640134877324 0.266293979324726 0.117662717955544 0.267403167842406
0.333128005404761 0.158566148710408 0.319536621229583 0.188769224655248
0.133999937309971 0.274237532520453 0.295583487446322 0.296179042723255
0.191726394515425 0.253375921886361 0.347979640594162 0.206918043004051
0.25190344281757 0.292869014641868 0.079604273842501 0.375623268698061
0.153586931688371 0.373771989947453 0.328307059629883 0.144334018734293
0.0932212080812224 0.312562814070352 0.27863808840119 0.315577889447236
0.25902641453172 0.143006237109559 0.413910493750466 0.184056854608255
0.214111318021933 0.357169459962756 0.104055452100145 0.324663769915167
0.322220956395432 0.231052946370083 0.262125829512119 0.184600267722366
0.139061116031887 0.181576616474756 0.471518890687517 0.20784337680584
0.270440991839297 0.150188323917137 0.249882297551789 0.329488386691777
0.243340149584022 0.270651838987086 0.0742877951763355 0.411720216252556
0.280062378167641 0.213317738791423 0.289387914230019 0.217231968810916
0.133203350973796 0.171962376534613 0.285796927559831 0.409037344931759
0.337758739478178 0.175496510199802 0.221112542311955 0.265632208010065
0.366008079324275 0.217120822622108 0.0467792875504958 0.370091810503122
0.349749820331675 0.189858570518123 0.245894748260946 0.214496860889257
0.227396527708686 0.207516665008457 0.262274898020098 0.30281190926276
0.244649993653978 0.221897182056545 0.33828323071351 0.195169593575968
0.297644455629676 0.308593635094898 0.0544419350305106 0.339319974244915
0.218879771106122 0.208209978342506 0.375906534999702 0.19700371555167
0.170469477597931 0.239340926844333 0.321773514754059 0.268416080803677
0.272038486740008 0.18144635651964 0.376859675138807 0.169655481601545
0.330313200267379 0.29941917853766 0.0464103017015956 0.323857319493366
0.255552548435873 0.21204116093124 0.365768060858873 0.166638229774015
0.208058642451394 0.245890534984944 0.309727242852448 0.236323579711214
0.294175217244948 0.197858095724919 0.230067698138613 0.277898988891521
0.276895258802387 0.328119568995481 0.0327431795827509 0.36224199261938
0.27621386815585 0.221074817344115 0.278748853862845 0.22396246063719
0.152766843554779 0.241767985490697 0.253915496742124 0.3515496742124
0.31142021885785 0.223282662779049 0.230541200464259 0.234755917898842
0.375595846361895 0.268872802481903 0.0491118141265305 0.306419537029671
0.299103185390934 0.220225607233615 0.255931978015484 0.224739229359967
0.20979566370301 0.191049101462125 0.350257370145063 0.248897864689801
0.219422864532694 0.196871725648263 0.346092488932101 0.237612920886942
0.347414739723411 0.265058802934577 0.0473049318076929 0.340221525534319
0.201338710580855 0.192236598890943 0.370946059485801 0.235478631042402
0.165722911902775 0.243877271540221 0.273871475251119 0.316528341305885
0.332189499804101 0.200858691393496 0.258097165991903 0.2088546428105
0.342075655674176 0.304137810335775 0.076200715053629 0.27758581893642
0.278299686854554 0.292741022053435 0.219188486907855 0.209770804184156
0.178725511344694 0.187712038907301 0.33181515109917 0.301747298648834
0.277178175783858 0.170850916256669 0.216323435038796 0.335647472920678
0.336497509841689 0.259728499842686 0.0671383515075242 0.3366356388081
0.257952101661779 0.17425219941349 0.30217008797654 0.265625610948192
0.231438279493199 0.230531863254975 0.186791088392919 0.351238768858906
0.335873835070435 0.190374552134645 0.255577032841061 0.218174579953858
0.359884761657937 0.243525377146405 0.0824448368762695 0.314145024319389
0.272558710178279 0.213141514403749 0.282654504117337 0.231645271300635
0.167763997617427 0.189606024506467 0.28814776208305 0.354482215793056
0.22628453482667 0.25767252609674 0.304870827482362 0.211172111594227
0.359314617427012 0.257012967737325 0.0891909869003315 0.294481427935332
0.259649993794216 0.238012494311365 0.331244052790534 0.171093459103885
0.121383864398658 0.328952293962626 0.356155666027791 0.193508175610925
0.186499402628435 0.181750298685783 0.312992831541219 0.318757467144564
0.206041410811626 0.316484605606188 0.140994979854782 0.336479003727404
0.248506136950904 0.232275516795866 0.33406007751938 0.18515826873385
0.123552628139784 0.17940876656473 0.521367521367521 0.175671083927965
0.29320910844273 0.23144403658309 0.217779817084552 0.257567037889629
0.356824696141977 0.271674539843602 0.0398485953120475 0.331652168702374
0.242564868526173 0.213619785334676 0.343363784778909 0.200451561360242
0.1453023194592 0.280286007089065 0.232265586070082 0.342146087381653
0.342548241412344 0.127719994525797 0.303599288353633 0.226132475708225
0.402567959043054 0.213223581361922 0.071585748049581 0.312622711545443
0.272942159769109 0.177624619644 0.355977302704609 0.193455917882282
0.213386392811297 0.173792041078306 0.286947368421053 0.325874197689345
0.211564387863067 0.203906276664733 0.368830847469197 0.215698488003004
0.345956536309969 0.222933154597716 0.0890000257791756 0.34211028331314
0.158576564306416 0.232630695405666 0.339103305196142 0.269689435091776
0.136745528792969 0.250128512503753 0.399075532453006 0.214050426250272
0.299125626103825 0.152226468629665 0.341704305278091 0.206943599988419
0.359188183362377 0.237690544381105 0.101707959299225 0.301413312957293
0.311291691310721 0.240460822382801 0.221199886851647 0.227047599454831
0.171869992046628 0.197712515283532 0.347633575100011 0.282783917569829
0.284409383433672 0.17740610699425 0.266817701798883 0.271366807773195
0.34956269845691 0.229028227635548 0.0477649474362749 0.373644126471267
0.27065205406955 0.178195770579285 0.348272288253324 0.202879887097841
0.151670789604484 0.251032638813508 0.244171232368014 0.353125339213995
0.332960354972509 0.155589852416321 0.204109192630462 0.307340599980708
0.403061905860357 0.2386271200845 0.0464749232095378 0.311836050845606
0.3370524073598 0.218590473392339 0.206302104374013 0.238055014873848
0.241109480891497 0.184147278697687 0.227541395933767 0.347201844477049
0.202834816942701 0.253750398978615 0.310990530907543 0.232424253171141
0.310742796996494 0.311780533544834 0.0426583845406904 0.334818284917982
0.191128853404302 0.269904635174096 0.276513639387891 0.26245287203371
0.168189372854853 0.302503860035601 0.257683191880649 0.271623575228898
0.27489391913088 0.177200455693695 0.295874816319118 0.252030808856308
0.33311830420392 0.288143052649983 0.0588235294117647 0.319915113734333
0.261923483859812 0.250803818808331 0.268201710147672 0.219070987184185
0.149238783811088 0.183218982526728 0.371238941940245 0.296303291721939
0.29492355335052 0.196142808502359 0.237471018369895 0.271462619777227
0.389804161566707 0.228457772337821 0.0429559363525092 0.338782129742962
0.287847317474625 0.222210403148601 0.272518601044682 0.217423678332092
0.15631139981555 0.291200529291471 0.212561984575698 0.339926086317281
0.414291861016188 0.145852560425033 0.177271706866878 0.262583871691901
0.413513250826152 0.21502624246744 0.0503547592820579 0.32110574742435
0.306469298245614 0.192565041866029 0.225216806220096 0.275748853668262
0.259893271111781 0.207274066122228 0.204781063828843 0.328051598937147
0.293776040706464 0.156594520851001 0.285968437741971 0.263661000700564
0.346329799233025 0.26128581096323 0.0410827881795624 0.351301601624182
0.204220932057116 0.185430723364193 0.256590302840107 0.353758041738585
0.220724160471126 0.222703475408234 0.253480600880917 0.303091763239723
0.331053930207966 0.172234251472884 0.283513772093257 0.213198046225893
0.309903731006703 0.258573228199505 0.0353426958428591 0.396180344950932
0.305925532982552 0.232447777029061 0.230870693486645 0.230755996501742
0.249028176003529 0.179325650639612 0.234409461843847 0.337236711513013
0.294377699471898 0.159586766922856 0.169108330327497 0.376927203277748
0.284885040697863 0.269526867075267 0.0277264325323475 0.417861659694523
0.264532560100991 0.173894588292366 0.226473652585679 0.335099199020964
0.200840549305141 0.175205852307397 0.158038352633058 0.465915245754403
0.373523871292143 0.187337630396683 0.242575177354063 0.196563320957111
0.35234964383087 0.253129627414505 0.0740757545134693 0.320444974241156
0.286187445913023 0.242698909745561 0.27044357403269 0.200670070308726
0.199664638966788 0.219594903843753 0.262388802436568 0.31835165475289
0.24962682634079 0.216328515227865 0.295380127100058 0.238664531331286
0.404737208593852 0.219510249082442 0.0820615670288541 0.293690975294851
0.179221813115733 0.306249378047567 0.233679968156035 0.280848840680665
0.134882030373426 0.264037042304714 0.318039159910871 0.283041767410989
0.298505114083399 0.135609756097561 0.346687647521636 0.219197482297404
0.215218947619616 0.29868154158215 0.0802111919818637 0.40588831881637
0.188838501664526 0.329025662533749 0.313009515321503 0.169126320480222
0.130669410908361 0.180442257975452 0.312391757235009 0.376496573881178
0.232861400894188 0.231038788415838 0.259727313006002 0.276372497683973
0.325727428956018 0.273132992243807 0.0547736197962611 0.346365959003914
0.240430377529271 0.229621302811761 0.219095448042279 0.31085287161669
0.147943195010015 0.243538462463835 0.215015668890185 0.393502673635964
0.364692988350251 0.190212538486578 0.223626801888567 0.221467671274604
0.362233643035834 0.259777510985469 0.0513759189056521 0.326612927073045
0.308551727552953 0.221149679991087 0.284250857277263 0.186047735178697
0.200193242879866 0.199851421748028 0.309029091257127 0.29092624411498
0.268006677387659 0.187857626127489 0.324251088815376 0.219884607669476
0.288149333333333 0.278788266666667 0.0441514666666667 0.388910933333333
0.1872858477832 0.248234866576679 0.314271622884436 0.250207662755685
0.140361566718675 0.240938819642801 0.319514248180016 0.299185365458509
0.327802000251476 0.142464394096438 0.309474857525411 0.220258748126676
0.285730604715708 0.283890183999763 0.0673297822380362 0.363049429046493
0.35053900566647 0.20531215840987 0.242489728738174 0.201659107185486
0.176407324337243 0.200670110673971 0.360278707210354 0.262643857778431
0.321353377223494 0.152950607444128 0.229580248506153 0.296115766826225
0.289277432213516 0.256622790238557 0.0371131293953176 0.416986648152609
0.267441423615894 0.186940377944473 0.229568707500031 0.316049490939601
0.168774111649956 0.202913067481215 0.231921427839431 0.396391393029398
0.401467678432542 0.146606648478523 0.190173566474711 0.261752106614225
0.448964354217891 0.202816647571478 0.0443673485150809 0.30385164969555
0.277045645141967 0.22584161974362 0.238271235174314 0.258841499940098
0.245716425227061 0.165051279379012 0.197312705783357 0.39191958961057
0.320923718712753 0.198444576877235 0.235050655542312 0.2455810488677
0.33026442381766 0.282987924086432 0.0356901964946639 0.351057455601245
0.245674471612101 0.161728139245752 0.205268338168255 0.387329050973891
0.163654648465115 0.253265923868128 0.280105246388067 0.302974181278689
0.39228984472604 0.124991349386444 0.287859637876211 0.194859168011306
0.378144488151204 0.237882567399021 0.0354168665451406 0.348556077904634
0.300079296306591 0.218677958896719 0.279478606346974 0.201764138449716
0.241718652230797 0.176302167276588 0.260315895257779 0.321663285234836
0.310603604165368 0.161429818544616 0.175771653052317 0.3521949242377
0.312935629356294 0.256560065600656 0.038740262402624 0.391764042640426
0.270534027213326 0.184798327932188 0.236279860238776 0.308387784615709
0.194059692250172 0.177515510170699 0.195102466438444 0.433322331140684
