0.380122687795525 0.164043563020995 0.224151983414569 0.23168176576891
0.390139410134593 0.23743642553984 0.0639082570085423 0.308515907317025
0.303814253168162 0.213778452431806 0.268431531091719 0.213975763308313
0.237989638206661 0.195054684765622 0.262146627847097 0.30480904918062
0.246603209937419 0.219085984171296 0.303069506036976 0.231241299854308
0.341602789835295 0.263262416906913 0.061447873439639 0.333686919818154
0.212175908333577 0.248918476513402 0.284129373593289 0.254776241559732
0.157468498064587 0.260123425157421 0.313402951263382 0.26900512551461
0.323474912903039 0.160824890967951 0.30623447262124 0.209465723507771
0.329353017637059 0.284562342198958 0.0650354131122451 0.321049227051738
0.296842924649602 0.235424739637796 0.263127101236559 0.204605234476044
0.192108452400815 0.197068675642029 0.326824331385595 0.283998540571561
0.296090881731252 0.184625718295108 0.218312375644113 0.300971024329527
0.317465065109301 0.281325233929711 0.0434655818759227 0.357744119085066
0.260666067978552 0.212034663599312 0.26568600144108 0.261613266981056
0.178044019271782 0.229061984003472 0.212591841024754 0.380302155699992
